1164686021 1164686061
1164686458 1164686498
1164715184 1164715224
1164719514 1164719554
1164720286 1164720326
1164737419 1164737459
1164739626 1164739666
1164770945 1164770985
1164772189 1164772229
1164773306 1164773346
1164773703 1164773743
1164778229 1164778269
1164778409 1164778449
1164780716 1164780756
1164789340 1164789380
1165068142 1165068182
1165068448 1165068488
1165069790 1165069830
1165071325 1165071365
1165071397 1165071437
1165071402 1165071442
1165116738 1165116778
1165122534 1165122574
1165142870 1165142910
1165160723 1165160763
1165161287 1165161327
1165166511 1165166551
1165373973 1165374013
1165386204 1165386244
1165405233 1165405273
1165407862 1165407902
1165454941 1165454981
1165460987 1165461027
1165461001 1165461041
1165461007 1165461047
1165461021 1165461061
1165461304 1165461344
1165483291 1165483331
1165483648 1165483688
1165485746 1165485786
1165532821 1165532861
1165562364 1165562404
1165563319 1165563359
1165566928 1165566968
1165579324 1165579364
1165580426 1165580466
1165580432 1165580472
1165580438 1165580478
1165580450 1165580490
1165580460 1165580500
1165581475 1165581515
1165584417 1165584457
1165584854 1165584894
1165587214 1165587254
1165589830 1165589870
1165589942 1165589982
1165590679 1165590719
1165620253 1165620293
1165621587 1165621627
1165667934 1165667974
1165669725 1165669765
1165671433 1165671473
1165671581 1165671621
1165703991 1165704031
1165704563 1165704603
1165728047 1165728087
1165730120 1165730160
1165767997 1165768037
1165769156 1165769196
1165776742 1165776782
1165778700 1165778740
1165827316 1165827356
1165896984 1165897024
1165901024 1165901064
1165914428 1165914468
1165965989 1165966029
1165975673 1165975713
1165976386 1165976426
1165987608 1165987648
1165994157 1165994197
1165994170 1165994210
1165994181 1165994221
1165994189 1165994229
1166336053 1166336093
1166336904 1166336944
1166336921 1166336961
1166339045 1166339085
1166342198 1166342238
1166363854 1166363894
1166387919 1166387959
1166394416 1166394456
1166427532 1166427572
1166456150 1166456190
1166481347 1166481387
1168132717 1168132757
1168221215 1168221255
1168232257 1168232297
1168233487 1168233527
1168250160 1168250200
1168252755 1168252795
1168252949 1168252989
1168270374 1168270414
1168272113 1168272153
1168272540 1168272580
1168273339 1168273379
1168273405 1168273445
1168273417 1168273457
1168273947 1168273987
1168278104 1168278144
1168280393 1168280433
1168280581 1168280621
1168304218 1168304258
1168306521 1168306561
1168309645 1168309685
1168315077 1168315117
1168334218 1168334258
1168344113 1168344153
1168348799 1168348839
1168348953 1168348993
1168352633 1168352673
1168494055 1168494095
1168498912 1168498952
1168655212 1168655252
1168658025 1168658065
1168659397 1168659437
1168660730 1168660770
1168661726 1168661766
1168661923 1168661963
1168661935 1168661975
1168661966 1168662006
1168662168 1168662208
1168662734 1168662774
1168663723 1168663763
1168663978 1168664018
1168664011 1168664051
1168664930 1168664970
1168666070 1168666110
1168666507 1168666547
1168667927 1168667967
1168668000 1168668040
1168668551 1168668591
1168693976 1168694016
1168694040 1168694080
1168694754 1168694794
1168830644 1168830684
1168865403 1168865443
1168866394 1168866434
1168869368 1168869408
1168883459 1168883499
1168921619 1168921659
1168933348 1168933388
1168937262 1168937302
1168971841 1168971881
1168978259 1168978299
1168981758 1168981798
1168982633 1168982673
1168982731 1168982771
1168988487 1168988527
1169010044 1169010084
1169021462 1169021502
1169021470 1169021510
1169021571 1169021611
1169021587 1169021627
1169023852 1169023892
1169023864 1169023904
1169023875 1169023915
1169039079 1169039119
1169044196 1169044236
1169048467 1169048507
1169049038 1169049078
1169053615 1169053655
1169055297 1169055337
1169069687 1169069727
1169073930 1169073970
1169087607 1169087647
1169087619 1169087659
1169094362 1169094402
1169094812 1169094852
1169210874 1169210914
1169213200 1169213240
1169214056 1169214096
1169214755 1169214795
1169216060 1169216100
1169216357 1169216397
1169216369 1169216409
1169216503 1169216543
1169216509 1169216549
1169217328 1169217368
1169217973 1169218013
1169263754 1169263794
1169269872 1169269912
1169270266 1169270306
1169288029 1169288069
1169299362 1169299402
1169304730 1169304770
1169304959 1169304999
1169305008 1169305048
1169505040 1169505080
1169507106 1169507146
1169510180 1169510220
1169513704 1169513744
1169531812 1169531852
1169544711 1169544751
1169557097 1169557137
1169559799 1169559839
1169559955 1169559995
1169572719 1169572759
1169581889 1169581929
1169615404 1169615444
1169621981 1169622021
1169626313 1169626353
1169628441 1169628481
1169630298 1169630338
1169631765 1169631805
1169640063 1169640103
1169641195 1169641235
1169641569 1169641609
1169643783 1169643823
1169652027 1169652067
1169653697 1169653737
1169654601 1169654641
1169680078 1169680118
1169686599 1169686639
1169686729 1169686769
1169694529 1169694569
1169708778 1169708818
1169709581 1169709621
1169709660 1169709700
1169710189 1169710229
1169714761 1169714801
1169719258 1169719298
1169722834 1169722874
1169724436 1169724476
1169726677 1169726717
1169727718 1169727758
1169783748 1169783788
1169792464 1169792504
1169794133 1169794173
1169794146 1169794186
1169803681 1169803721
1169808074 1169808114
1169816338 1169816378
1169819812 1169819852
1169826498 1169826538
1169827852 1169827892
1169833807 1169833847
1169834219 1169834259
1169846791 1169846831
1169855646 1169855686
1169855857 1169855897
1169873582 1169873622
1169877197 1169877237
1169887354 1169887394
1169896635 1169896675
1169958248 1169958288
1169960586 1169960626
1169960820 1169960860
1169969334 1169969374
1169987233 1169987273
1169990750 1169990790
1169997748 1169997788
1170000151 1170000191
1170067522 1170067562
1170072961 1170073001
1170075228 1170075268
1170080163 1170080203
1170089738 1170089778
1170093100 1170093140
1170101019 1170101059
1170104807 1170104847
1170107212 1170107252
1170143559 1170143599
1170157367 1170157407
1170164587 1170164627
1170166309 1170166349
1170167748 1170167788
1170167901 1170167941
1170203666 1170203706
1170206606 1170206646
1170208489 1170208529
1170220442 1170220482
1170220817 1170220857
1170228952 1170228992
1170231648 1170231688
1170233282 1170233322
1170234317 1170234357
1170250621 1170250661
1170286981 1170287021
1170288221 1170288261
1170296459 1170296499
1170299747 1170299787
1170299916 1170299956
1170300589 1170300629
1170308425 1170308465
1170317492 1170317532
1170317789 1170317829
1170317837 1170317877
1170317856 1170317896
1170321870 1170321910
1170325905 1170325945
1170326062 1170326102
1170341521 1170341561
1170347639 1170347679
1170348852 1170348892
1170348882 1170348922
1170352352 1170352392
1170353030 1170353070
1170354508 1170354548
1170370057 1170370097
1170370063 1170370103
1170388002 1170388042
1170411349 1170411389
1170413721 1170413761
1170413891 1170413931
1170426790 1170426830
1170472872 1170472912
1170497557 1170497597
1170499942 1170499982
1170504432 1170504472
1170510473 1170510513
1170580207 1170580247
1170585563 1170585603
1170597068 1170597108
1170597073 1170597113
1170608052 1170608092
1170610938 1170610978
1170611607 1170611647
1170613355 1170613395
1170622403 1170622443
1170623701 1170623741
1170630263 1170630303
1170632279 1170632319
1170638417 1170638457
1170640575 1170640615
1170640883 1170640923
1170648558 1170648598
1170648905 1170648945
1170660760 1170660800
1170670262 1170670302
1170678269 1170678309
1170679250 1170679290
1170679499 1170679539
1170679510 1170679550
1170680408 1170680448
1170695288 1170695328
1170709376 1170709416
1170714098 1170714138
1170717205 1170717245
1170718075 1170718115
1170731149 1170731189
1170731157 1170731197
1170743760 1170743800
1170744189 1170744229
1170744911 1170744951
1170745274 1170745314
1170763999 1170764039
1170764320 1170764360
1170770870 1170770910
1170788247 1170788287
1170796672 1170796712
1170801115 1170801155
1170833349 1170833389
1170835956 1170835996
1170867172 1170867212
1170867754 1170867794
1170870637 1170870677
1170879783 1170879823
1170883341 1170883381
1170884562 1170884602
1170892149 1170892189
1170900656 1170900696
1170923871 1170923911
1170928131 1170928171
1170928542 1170928582
1170932416 1170932456
1170936525 1170936565
1170936752 1170936792
1170958914 1170958954
1170964550 1170964590
1170967489 1170967529
1170967959 1170967999
1170968975 1170969015
1170969133 1170969173
1170984572 1170984612
1171004399 1171004439
1171005981 1171006021
1171018557 1171018597
1171018937 1171018977
1171024270 1171024310
1171031169 1171031209
1171037045 1171037085
1171039036 1171039076
1171041439 1171041479
1171041722 1171041762
1171050250 1171050290
1171057513 1171057553
1171063208 1171063248
1171068733 1171068773
1171069307 1171069347
1171069334 1171069374
1171080553 1171080593
1171087590 1171087630
1171097302 1171097342
1171098825 1171098865
1171100022 1171100062
1171108996 1171109036
1171110037 1171110077
1171113049 1171113089
1171214322 1171214362
1171214326 1171214366
1171224743 1171224783
1171229555 1171229595
1171231031 1171231071
1171233651 1171233691
1171239442 1171239482
1171253105 1171253145
1171254929 1171254969
1171267571 1171267611
1171269297 1171269337
1171273704 1171273744
1171278837 1171278877
1171279345 1171279385
1171282545 1171282585
1171293724 1171293764
1171295274 1171295314
1171298978 1171299018
1171326621 1171326661
1171334034 1171334074
1171351378 1171351418
1171353975 1171354015
1171362205 1171362245
1171384728 1171384768
1171394900 1171394940
1171395999 1171396039
1171404376 1171404416
1171406520 1171406560
1171406543 1171406583
1171408908 1171408948
1171409067 1171409107
1171416349 1171416389
1171428354 1171428394
1171462358 1171462398
1171462381 1171462421
1171462402 1171462442
1171462413 1171462453
1171462431 1171462471
1171462452 1171462492
1171464255 1171464295
1171464495 1171464535
1171467600 1171467640
1171474206 1171474246
1171478657 1171478697
1171481394 1171481434
1171481401 1171481441
1171486531 1171486571
1171495051 1171495091
1171520794 1171520834
1171522758 1171522798
1171546725 1171546765
1171548247 1171548287
1171548761 1171548801
1171552230 1171552270
1171552280 1171552320
1171552524 1171552564
1171557805 1171557845
1171559181 1171559221
1171560899 1171560939
1171561846 1171561886
1171563481 1171563521
1171563496 1171563536
1171571519 1171571559
1171579070 1171579110
1171592575 1171592615
1171595568 1171595608
1171612016 1171612056
1171612745 1171612785
1171627707 1171627747
1171658330 1171658370
1171662587 1171662627
1171672753 1171672793
1171674933 1171674973
1171681383 1171681423
1171681421 1171681461
1171694361 1171694401
1171703363 1171703403
1171715542 1171715582
1171716765 1171716805
1171718019 1171718059
1171720223 1171720263
1171720587 1171720627
1171720917 1171720957
1171721878 1171721918
1171755725 1171755765
1171761017 1171761057
1171762042 1171762082
1171770713 1171770753
1171771917 1171771957
1171773440 1171773480
1171780970 1171781010
1171789266 1171789306
1171789336 1171789376
1171804301 1171804341
1171813685 1171813725
1171814448 1171814488
1171817010 1171817050
1171879386 1171879426
1171883220 1171883260
1171887549 1171887589
1171889568 1171889608
1171899759 1171899799
1171914619 1171914659
1171927296 1171927336
1171930403 1171930443
1171947001 1171947041
1171950350 1171950390
1171951124 1171951164
1171954991 1171955031
1171955946 1171955986
1171959039 1171959079
1171985630 1171985670
1172041353 1172041393
1172041368 1172041408
1172041401 1172041441
1172058655 1172058695
1172071346 1172071386
1172080876 1172080916
1172089160 1172089200
1172104491 1172104531
1172112017 1172112057
1172113346 1172113386
1172133786 1172133826
1172146107 1172146147
1172168889 1172168929
1172172521 1172172561
1172178579 1172178619
1172179923 1172179963
1172184405 1172184445
1172194281 1172194321
1172194638 1172194678
1172196329 1172196369
1172200104 1172200144
1172202700 1172202740
1172202730 1172202770
1172202736 1172202776
1172206763 1172206803
1172216610 1172216650
1172218814 1172218854
1172222655 1172222695
1172237812 1172237852
1172243425 1172243465
1172248868 1172248908
1172255987 1172256027
1172257049 1172257089
1172257656 1172257696
1172257785 1172257825
1172260049 1172260089
1172260257 1172260297
1172272071 1172272111
1172277054 1172277094
1172305716 1172305756
1172310209 1172310249
1172317490 1172317530
1172322188 1172322228
1172322523 1172322563
1172324036 1172324076
1172325875 1172325915
1172373164 1172373204
1172373671 1172373711
1172387014 1172387054
1172398425 1172398465
1172410773 1172410813
1172430843 1172430883
1172430883 1172430923
1172430922 1172430962
1172447552 1172447592
1172450146 1172450186
1172452682 1172452722
1172456367 1172456407
1172456454 1172456494
1172471030 1172471070
1172471200 1172471240
1172472454 1172472494
1172479682 1172479722
1172480815 1172480855
1172484468 1172484508
1172485296 1172485336
1172486753 1172486793
1172486760 1172486800
1172488900 1172488940
1172496584 1172496624
1172496591 1172496631
1172497034 1172497074
1172529820 1172529860
1172554239 1172554279
1172556590 1172556630
1172563501 1172563541
1172586711 1172586751
1172588857 1172588897
1172592851 1172592891
1172594172 1172594212
1172629650 1172629690
1172632530 1172632570
1172634711 1172634751
1172634732 1172634772
1172642706 1172642746
1172663846 1172663886
1172665416 1172665456
1172667068 1172667108
1172668051 1172668091
1172668539 1172668579
1172671541 1172671581
1172682265 1172682305
1172699733 1172699773
1172699752 1172699792
1172701284 1172701324
1172704457 1172704497
1172720954 1172720994
1172723465 1172723505
1172805598 1172805638
1172820844 1172820884
1172843868 1172843908
1172846082 1172846122
1172847445 1172847485
1172880309 1172880349
1172881019 1172881059
1172890141 1172890181
1172893883 1172893923
1172909344 1172909384
1172919343 1172919383
1172920255 1172920295
1172921379 1172921419
1172926664 1172926704
1172966201 1172966241
1172966207 1172966247
1172966212 1172966252
1172966217 1172966257
1172966637 1172966677
1172966646 1172966686
1172966990 1172967030
1172967704 1172967744
1172970018 1172970058
1172970779 1172970819
1172970968 1172971008
1172970980 1172971020
1172988720 1172988760
1172992215 1172992255
1173063635 1173063675
1173075371 1173075411
1173077221 1173077261
1173080726 1173080766
1173095043 1173095083
1173096870 1173096910
1173097193 1173097233
1173097310 1173097350
1173105068 1173105108
1173109159 1173109199
1173109645 1173109685
1173112593 1173112633
1173152368 1173152408
1173157960 1173158000
1173158401 1173158441
1173178678 1173178718
1173194253 1173194293
1173198995 1173199035
1173220464 1173220504
1173229805 1173229845
1173236107 1173236147
1173238154 1173238194
1173247966 1173248006
1173250461 1173250501
1173256349 1173256389
1173258349 1173258389
1173262721 1173262761
1173263421 1173263461
1173273961 1173274001
1173283077 1173283117
1173283639 1173283679
1173287577 1173287617
1173288181 1173288221
1173289161 1173289201
