1173296128 1173296384
1173351744 1173352000
1173355008 1173355264
1173355200 1173355456
1173394048 1173394304
1173408512 1173408768
1173424064 1173424320
1173425984 1173426240
1173435712 1173435968
1173435776 1173436032
1173437952 1173438208
1173439680 1173439936
1173439872 1173440128
1173457792 1173458048
1173473600 1173473856
1173475328 1173475584
1173475648 1173475904
1173477056 1173477312
1173485248 1173485504
1173495680 1173495936
1173499712 1173499968
1173499712 1173499968
1173505728 1173505984
1173515840 1173516096
1173520128 1173520384
1173526848 1173527104
1173527936 1173528192
1173612544 1173612800
1173613376 1173613632
1173652288 1173652544
1173659392 1173659648
1173662592 1173662848
1173665024 1173665280
1173665024 1173665280
1173665856 1173666112
1173667264 1173667520
1173667904 1173668160
1173670144 1173670400
1173672960 1173673216
1173685760 1173686016
1173687168 1173687424
1173693248 1173693504
1173701504 1173701760
1173703680 1173703936
1173704192 1173704448
1173708800 1173709056
1173720192 1173720448
1173720384 1173720640
1173727552 1173727808
1173730496 1173730752
1173732416 1173732672
1173739776 1173740032
1173748672 1173748928
1173757568 1173757824
1173761216 1173761472
1173767872 1173768128
1173780736 1173780992
1173785600 1173785856
1173788288 1173788544
1173789632 1173789888
1173791232 1173791488
1173793600 1173793856
1173793600 1173793856
1173796352 1173796608
1173796992 1173797248
1173797760 1173798016
1173816832 1173817088
1173817344 1173817600
1173819456 1173819712
1173824384 1173824640
1173825024 1173825280
1173825024 1173825280
1173825088 1173825344
1173829696 1173829952
1173833536 1173833792
1173834560 1173834816
1173856320 1173856576
1173860672 1173860928
1173885760 1173886016
1173885760 1173886016
1173886720 1173886976
1173888576 1173888832
1173935360 1173935616
1173940864 1173941120
1173944896 1173945152
1173953344 1173953600
1173966784 1173967040
1173970880 1173971136
1173974336 1173974592
1173987840 1173988096
1173993408 1173993664
1174009856 1174010112
1174021312 1174021568
1174023808 1174024064
1174030592 1174030848
1174038016 1174038272
1174052672 1174052928
1174059648 1174059904
1174080000 1174080256
1174080576 1174080832
1174081024 1174081280
1174086208 1174086464
1174088704 1174088960
1174091968 1174092224
1174094656 1174094912
1174096704 1174096960
1174101056 1174101312
1174122112 1174122368
1174127104 1174127360
1174180608 1174180864
1174180672 1174180928
1174204544 1174204800
1174210816 1174211072
1174212416 1174212672
1174216704 1174216960
1174217280 1174217536
1174219904 1174220160
1174232832 1174233088
1174234880 1174235136
1174240640 1174240896
1174240704 1174240960
1174257280 1174257536
1174270912 1174271168
1174355648 1174355904
1174363712 1174363968
1174373696 1174373952
1174378496 1174378752
1174402624 1174402880
1174407552 1174407808
1174408768 1174409024
1174408832 1174409088
1174408832 1174409088
1174409408 1174409664
1174409472 1174409728
1174413440 1174413696
1174413440 1174413696
1174420096 1174420352
1174433408 1174433664
1174433408 1174433664
1174434048 1174434304
1174453824 1174454080
1174455168 1174455424
1174457472 1174457728
1174457472 1174457728
1174457664 1174457920
1174483648 1174483904
1174486336 1174486592
1174486656 1174486912
1174486784 1174487040
1174486912 1174487168
1174486912 1174487168
1174487232 1174487488
1174487296 1174487552
1174488768 1174489024
1174496576 1174496832
1174496576 1174496832
1174496704 1174496960
1174499520 1174499776
1174499520 1174499776
1174500096 1174500352
1174502272 1174502528
1174505664 1174505920
1174514176 1174514432
1174519552 1174519808
1174540736 1174540992
1174541056 1174541312
1174548736 1174548992
1174559424 1174559680
1174559488 1174559744
1174568000 1174568256
1174568064 1174568320
1174569408 1174569664
1174572864 1174573120
1174573248 1174573504
1174582528 1174582784
1174583424 1174583680
1174585600 1174585856
1174616320 1174616576
1174619264 1174619520
1174634304 1174634560
1174644096 1174644352
1174647872 1174648128
1174662464 1174662720
1174668416 1174668672
1174669504 1174669760
1174670208 1174670464
1174677696 1174677952
1174682560 1174682816
1174692416 1174692672
1174693312 1174693568
1174696960 1174697216
1174697792 1174698048
1174701632 1174701888
1174713216 1174713472
1174726144 1174726400
1174726592 1174726848
1174727168 1174727424
1174733056 1174733312
1174738496 1174738752
1174744064 1174744320
1174772160 1174772416
1174786944 1174787200
1174790848 1174791104
1174793408 1174793664
1174795392 1174795648
1174816768 1174817024
1174816896 1174817152
1174820480 1174820736
1174820864 1174821120
1174822208 1174822464
1174881344 1174881600
1174885440 1174885696
1174897344 1174897600
1174898816 1174899072
1174898816 1174899072
1174898816 1174899072
1174899328 1174899584
1174899328 1174899584
1174899328 1174899584
1174900160 1174900416
1174927296 1174927552
1174941312 1174941568
1174945280 1174945536
1174945920 1174946176
1174947200 1174947456
1174950016 1174950272
1174986432 1174986688
1174992192 1174992448
1174993280 1174993536
1174998272 1174998528
1175002944 1175003200
1175003072 1175003328
1175004672 1175004928
1175008704 1175008960
1175011840 1175012096
1175014848 1175015104
1175015488 1175015744
1175026304 1175026560
1175029312 1175029568
1175030912 1175031168
1175041536 1175041792
1175046016 1175046272
1175074048 1175074304
1175075136 1175075392
1175075904 1175076160
1175104064 1175104320
1175105664 1175105920
1175109312 1175109568
1175141440 1175141696
1175144960 1175145216
1175146432 1175146688
1175147968 1175148224
1175160704 1175160960
1175185408 1175185664
1175191040 1175191296
1175197248 1175197504
1175200000 1175200256
1175207552 1175207808
1175213184 1175213440
1175213248 1175213504
1175238080 1175238336
1175239040 1175239296
1175239296 1175239552
1175239296 1175239552
1175239936 1175240192
1175240896 1175241152
1175268928 1175269184
1175277632 1175277888
1175295616 1175295872
1175296448 1175296704
1175305664 1175305920
1175307712 1175307968
1175309184 1175309440
1175314688 1175314944
1175323776 1175324032
1175326144 1175326400
1175329408 1175329664
1175332288 1175332544
1175333952 1175334208
1175337472 1175337728
1175338176 1175338432
1175341632 1175341888
1175389376 1175389632
1175404928 1175405184
1175407232 1175407488
1175407488 1175407744
1175407488 1175407744
1175407488 1175407744
1175420096 1175420352
1175425344 1175425600
1175428864 1175429120
1175457088 1175457344
1175457664 1175457920
1175462912 1175463168
1175466304 1175466560
1175469568 1175469824
1175473728 1175473984
1175479744 1175480000
1175481280 1175481536
1175482048 1175482304
1175577152 1175577408
1175577472 1175577728
1175594368 1175594624
1175595392 1175595648
1175601600 1175601856
1175618368 1175618624
1175621440 1175621696
1175654272 1175654528
1175656768 1175657024
1175670080 1175670336
1175674688 1175674944
1175681792 1175682048
1175689664 1175689920
1175698240 1175698496
1175717696 1175717952
1175719360 1175719616
1175719424 1175719680
1175725440 1175725696
1175731968 1175732224
1175734336 1175734592
1175744768 1175745024
1175745792 1175746048
1175745792 1175746048
1175763776 1175764032
1175768448 1175768704
1175778688 1175778944
1175778752 1175779008
1175781056 1175781312
1175781760 1175782016
1175783808 1175784064
1175789632 1175789888
1175789632 1175789888
1175789696 1175789952
1175790720 1175790976
1175790720 1175790976
1175798720 1175798976
1175798912 1175799168
1175814080 1175814336
1175816896 1175817152
1175819584 1175819840
1175825088 1175825344
1175830016 1175830272
1175830144 1175830400
1175841280 1175841536
1175851328 1175851584
1175851520 1175851776
1175853312 1175853568
1175856000 1175856256
1175860992 1175861248
1175860992 1175861248
1175865856 1175866112
1175867648 1175867904
1175870144 1175870400
1175870528 1175870784
1175871296 1175871552
1175882752 1175883008
1175889792 1175890048
1175890432 1175890688
1175893440 1175893696
1175899840 1175900096
1175901056 1175901312
1175912896 1175913152
1175932544 1175932800
1175989952 1175990208
1175990720 1175990976
1175996864 1175997120
1176018560 1176018816
1176018624 1176018880
1176022848 1176023104
1176024192 1176024448
1176031936 1176032192
1176039360 1176039616
1176042496 1176042752
1176047552 1176047808
1176047680 1176047936
1176171520 1176171776
1176181504 1176181760
1176199680 1176199936
1176222592 1176222848
1176236352 1176236608
1176237376 1176237632
1176238208 1176238464
1176246528 1176246784
1176246912 1176247168
1176250048 1176250304
1176260352 1176260608
1176261888 1176262144
1176275520 1176275776
1176275968 1176276224
1176306880 1176307136
1176307264 1176307520
1176315008 1176315264
1176317504 1176317760
1176319040 1176319296
1176319936 1176320192
1176333888 1176334144
1176334784 1176335040
1176337088 1176337344
1176341952 1176342208
1176363136 1176363392
1176365824 1176366080
1176370368 1176370624
1176396096 1176396352
1176400960 1176401216
1176403008 1176403264
1176412032 1176412288
1176413568 1176413824
1176414016 1176414272
1176422080 1176422336
1176425152 1176425408
1176432832 1176433088
1176434176 1176434432
1176450752 1176451008
1176461440 1176461696
1176463808 1176464064
1176464256 1176464512
1176477504 1176477760
1176482560 1176482816
1176484672 1176484928
1176485504 1176485760
1176497728 1176497984
1176508800 1176509056
1176523072 1176523328
1176527104 1176527360
1176533504 1176533760
1176545216 1176545472
1176549568 1176549824
1176549952 1176550208
1176622016 1176622272
1176631040 1176631296
1176636096 1176636352
1176636736 1176636992
1176638400 1176638656
1176678400 1176678656
1176698560 1176698816
1176701696 1176701952
1176708608 1176708864
1176724288 1176724544
1176727616 1176727872
1176728000 1176728256
1176731968 1176732224
1176736960 1176737216
1176755392 1176755648
1176773696 1176773952
1176775040 1176775296
1176787968 1176788224
1176799296 1176799552
1176803200 1176803456
1176803712 1176803968
1176814400 1176814656
1176819968 1176820224
1176823424 1176823680
1176824640 1176824896
1176853056 1176853312
1176854976 1176855232
1176864576 1176864832
1176866048 1176866304
1176868864 1176869120
1176872320 1176872576
1176876480 1176876736
1176889088 1176889344
1176892352 1176892608
1176893056 1176893312
1176901056 1176901312
1176901376 1176901632
1176911616 1176911872
1176915456 1176915712
1176915456 1176915712
1176917248 1176917504
1176922816 1176923072
1176935552 1176935808
1176936576 1176936832
1176936576 1176936832
1176938752 1176939008
1176939520 1176939776
1176959488 1176959744
1176961600 1176961856
1176969152 1176969408
1176970624 1176970880
1176974400 1176974656
1176974848 1176975104
1176982848 1176983104
1176984512 1176984768
1176991808 1176992064
1176995008 1176995264
1176998848 1176999104
1177001728 1177001984
1177005760 1177006016
1177016064 1177016320
1177034624 1177034880
1177035392 1177035648
1177041152 1177041408
1177045504 1177045760
1177074752 1177075008
1177080256 1177080512
1177086976 1177087232
1177094528 1177094784
1177125504 1177125760
1177126592 1177126848
1177133632 1177133888
1177134784 1177135040
1177140288 1177140544
1177148672 1177148928
1177158848 1177159104
1177211200 1177211456
1177215360 1177215616
1177225856 1177226112
1177244032 1177244288
1177247680 1177247936
1177254400 1177254656
1177255296 1177255552
1177258048 1177258304
1177282432 1177282688
1177287168 1177287424
1177290688 1177290944
1177295168 1177295424
1177295552 1177295808
1177306240 1177306496
1177307328 1177307584
1177316032 1177316288
1177316608 1177316864
1177316672 1177316928
1177404608 1177404864
1177417280 1177417536
1177417344 1177417600
1177439040 1177439296
1177520320 1177520576
1177532416 1177532672
1177661696 1177661952
1177665984 1177666240
1177666816 1177667072
1177668096 1177668352
1177739392 1177739648
1177740672 1177740928
1177751424 1177751680
1177760832 1177761088
1177797056 1177797312
1177820032 1177820288
1177849984 1177850240
1177849984 1177850240
1177855808 1177856064
1177981824 1177982080
1178066816 1178067072
1178080512 1178080768
1178115584 1178115840
1178116416 1178116672
1178122176 1178122432
1178123264 1178123520
1178123776 1178124032
1178134784 1178135040
1178137408 1178137664
1178147136 1178147392
1178148160 1178148416
1178153984 1178154240
1178154048 1178154304
1178157184 1178157440
1178157312 1178157568
1178158976 1178159232
1178161088 1178161344
1178163392 1178163648
1178179456 1178179712
1178202560 1178202816
1178203904 1178204160
1178206144 1178206400
1178210368 1178210624
1178224320 1178224576
1178224640 1178224896
1178231488 1178231744
1178232192 1178232448
1178281280 1178281536
1178281280 1178281536
1181002240 1181002496
1181002304 1181002560
1181002432 1181002688
1181012096 1181012352
1181018432 1181018688
1181020288 1181020544
1181020608 1181020864
1181048640 1181048896
1181049472 1181049728
1181055936 1181056192
1181124672 1181124928
1181131968 1181132224
1181174784 1181175040
1181180672 1181180928
1181184384 1181184640
1181188672 1181188928
1181188864 1181189120
1181200192 1181200448
1181205120 1181205376
1181206528 1181206784
1181208512 1181208768
1181209408 1181209664
1181239168 1181239424
1181244416 1181244672
1181254400 1181254656
1181256768 1181257024
1181258432 1181258688
1181272512 1181272768
1181275200 1181275456
1181275712 1181275968
1181281728 1181281984
1181290560 1181290816
1181293248 1181293504
1181300160 1181300416
1181326144 1181326400
1181326144 1181326400
1181326144 1181326400
1181326208 1181326464
1181330560 1181330816
1181330560 1181330816
1181338304 1181338560
1181339264 1181339520
1181361152 1181361408
1181363776 1181364032
1181446400 1181446656
1181454272 1181454528
1181480448 1181480704
1181482944 1181483200
1181487808 1181488064
1181490048 1181490304
1181490048 1181490304
1181503424 1181503680
1181507968 1181508224
1181516928 1181517184
1181520320 1181520576
1181532032 1181532288
1181532224 1181532480
1181536256 1181536512
1181541376 1181541632
1181544000 1181544256
1181544448 1181544704
1181555392 1181555648
1181555968 1181556224
1181573952 1181574208
1181577792 1181578048
1181578624 1181578880
1181619136 1181619392
1181627840 1181628096
1181628608 1181628864
1181645760 1181646016
1181647552 1181647808
1181659712 1181659968
1181660096 1181660352
1181669440 1181669696
1181671360 1181671616
1181671808 1181672064
1181675776 1181676032
1181677504 1181677760
1181678528 1181678784
1181680064 1181680320
1181682560 1181682816
1181682752 1181683008
1181684160 1181684416
1181697408 1181697664
1181705856 1181706112
1181709248 1181709504
1181716992 1181717248
1181720192 1181720448
1181767424 1181767680
1181768000 1181768256
1181768960 1181769216
1181769088 1181769344
1181771904 1181772160
1181782016 1181782272
1181784448 1181784704
1181799104 1181799360
1181811072 1181811328
1181813760 1181814016
1181823360 1181823616
1181844608 1181844864
1181851392 1181851648
1181851392 1181851648
1181851648 1181851904
1181859776 1181860032
1181867840 1181868096
1181869376 1181869632
1181875392 1181875648
1181876672 1181876928
1181882432 1181882688
