1178202679 1178202743
1174407662 1174407726
1181281849 1181281913
1185670394 1185670458
1177520448 1177520512
1176911760 1176911824
1170648893 1170648957
1181965615 1181965679
1176814532 1176814596
1183191799 1183191863
1182254051 1182254115
1176823532 1176823596
1171814436 1171814500
1186592618 1186592682
1174726255 1174726319
1184951038 1184951102
1168334206 1168334270
1172805586 1172805650
1181660202 1181660266
1177797159 1177797223
1181811185 1181811249
1185382981 1185383045
1177661833 1177661897
1171563469 1171563533
1165483636 1165483700
1169694517 1169694581
1176622175 1176622239
1169023840 1169023904
1186233293 1186233357
1184518233 1184518297
1183292641 1183292705
1173438083 1173438147
1181920337 1181920401
1186449469 1186449533
1169621969 1169622033
1168273393 1168273457
1172966625 1172966689
1186598260 1186598324
1181208612 1181208676
1185293157 1185293221
1174402768 1174402832
1185594870 1185594934
1173526955 1173527019
1173667379 1173667443
1187377450 1187377514
1173475793 1173475857
1175008859 1175008923
1184860970 1184861034
1173793757 1173793821
1169021559 1169021623
1169513692 1169513756
1173761331 1173761395
1184035402 1184035466
1165562352 1165562416
1173613520 1173613584
1184741689 1184741753
1174094764 1174094828
1178123882 1178123946
1165994169 1165994233
1186577213 1186577277
1174457583 1174457647
1174180727 1174180791
1186112148 1186112212
1170764308 1170764372
1169680066 1169680130
1187092284 1187092348
1186170693 1186170757
1185942905 1185942969
1174647968 1174648032
1182718818 1182718882
1169531800 1169531864
1172554227 1172554291
1168233475 1168233539
1168883447 1168883511
1181578726 1181578790
1169960574 1169960638
1177760954 1177761018
1175825196 1175825260
1172430871 1172430935
1185391571 1185391635
1184504279 1184504343
1187598504 1187598568
1169803669 1169803733
1165580426 1165580490
1169877185 1169877249
1181678653 1181678717
1168663966 1168664030
1168664918 1168664982
1183264290 1183264354
1187120263 1187120327
1185780423 1185780487
1187426397 1187426461
1166456138 1166456202
1175026453 1175026517
1185790167 1185790231
1172168877 1172168941
1181508109 1181508173
1187390086 1187390150
1175207688 1175207752
1169094800 1169094864
1166336892 1166336956
1173109147 1173109211
1171384716 1171384780
1186007858 1186007922
1171239430 1171239494
1187721623 1187721687
1181645899 1181645963
1176732125 1176732189
1171224731 1171224795
1175269084 1175269148
1174677795 1174677859
1173987977 1173988041
1186963013 1186963077
1181300273 1181300337
1172456355 1172456419
1175719528 1175719592
1183259716 1183259780
1169826486 1169826550
1176868985 1176869049
1174568124 1174568188
1176237513 1176237577
1185595183 1185595247
1169792452 1169792516
1168348941 1168349005
1170928530 1170928594
1187135341 1187135405
1174986579 1174986643
1178281379 1178281443
1165580420 1165580484
1170317844 1170317908
1181876797 1181876861
1175830254 1175830318
1177034778 1177034842
1169021575 1169021639
1187220233 1187220297
1186587358 1186587422
1186891143 1186891207
1170743748 1170743812
1171773428 1171773492
1170928119 1170928183
1187578717 1187578781
1183229953 1183230017
1186162643 1186162707
1169304996 1169305060
1172881007 1172881071
1185452955 1185453019
1169714749 1169714813
1175870251 1175870315
1172682253 1172682317
1181209560 1181209624
1170867160 1170867224
1183244729 1183244793
1169049026 1169049090
1169827840 1169827904
1175309283 1175309347
1178161193 1178161257
1186823249 1186823313
1183067701 1183067765
1174486890 1174486954
1187384511 1187384575
1172387002 1172387066
1185941092 1185941156
1174519679 1174519743
1171721866 1171721930
1184547479 1184547543
1182957452 1182957516
1186228228 1186228292
1183335053 1183335117
1164686446 1164686510
1174692536 1174692600
1184808332 1184808396
1175851659 1175851723
1175689782 1175689846
1170317480 1170317544
1175830158 1175830222
1171462401 1171462465
1171404364 1171404428
1176922966 1176923030
1169216491 1169216555
1186127883 1186127947
1175817052 1175817116
1184540830 1184540894
1171520782 1171520846
1184950820 1184950884
1173439813 1173439877
1186371092 1186371156
1181275341 1181275405
1183291594 1183291658
1176737059 1176737123
1187037712 1187037776
1181174896 1181174960
1175075262 1175075326
1186557703 1186557767
1175200151 1175200215
1186706257 1186706321
1169652015 1169652079
1175003077 1175003141
1181205243 1181205307
1185769387 1185769451
1169958236 1169958300
1185247177 1185247241
1187331346 1187331410
1187527619 1187527683
1176788115 1176788179
1165071313 1165071377
1172456442 1172456506
1185289722 1185289786
1174899470 1174899534
1175866000 1175866064
1184050962 1184051026
1186028459 1186028523
1185798948 1185799012
1181954320 1181954384
1176872461 1176872525
1183344918 1183344982
1186753569 1186753633
1183256056 1183256120
1175277748 1175277812
1170744899 1170744963
1171546713 1171546777
1178154147 1178154211
1182538530 1182538594
1185260188 1185260252
1184902458 1184902522
1169615392 1169615456
1168280569 1168280633
1169572707 1169572771
1170387990 1170388054
1170325893 1170325957
1182347422 1182347486
1175014967 1175015031
1174682658 1174682722
1182721823 1182721887
1174038119 1174038183
1170167736 1170167800
1165166499 1165166563
1176450886 1176450950
1187554312 1187554376
1183189689 1183189753
1186835562 1186835626
1171486519 1171486583
1177225959 1177226023
1177134893 1177134957
1171481382 1171481446
1184047690 1184047754
1175814184 1175814248
1187598854 1187598918
1173528074 1173528138
1166339033 1166339097
1175197377 1175197441
1177258159 1177258223
1170801103 1170801167
1176701804 1176701868
1172529808 1172529872
1182250708 1182250772
1184618003 1184618067
1173966884 1173966948
1186113365 1186113429
1182236028 1182236092
1165703979 1165704043
1171561834 1171561898
1182953352 1182953416
1187529224 1187529288
1184620915 1184620979
1174433514 1174433578
1177668242 1177668306
1176363262 1176363326
1176824798 1176824862
1169686717 1169686781
1182952797 1182952861
1171063196 1171063260
1184940760 1184940824
1174548884 1174548948
1184675025 1184675089
1185283869 1185283933
1186160180 1186160244
1171100010 1171100074
1175618464 1175618528
1165767985 1165768049
1171552512 1171552576
1173435833 1173435897
1181697539 1181697603
1176307371 1176307435
1185946803 1185946867
1171899747 1171899811
1169997736 1169997800
1174573346 1174573410
1165460975 1165461039
1184497649 1184497713
1169214743 1169214807
1174897495 1174897559
1171362193 1171362257
1177001887 1177001951
1170967477 1170967541
1176915586 1176915650
1183201570 1183201634
1175473867 1175473931
1185149285 1185149349
1186365574 1186365638
1184886583 1184886647
1182220141 1182220205
1165068436 1165068500
1173097298 1173097362
1185810688 1185810752
1175861103 1175861167
1172488888 1172488952
1169210862 1169210926
1174217415 1174217479
1185859405 1185859469
1181483067 1181483131
1171930391 1171930455
1186814050 1186814114
1165161275 1165161339
1175109439 1175109503
1185809533 1185809597
1173941012 1173941076
1185526085 1185526149
1168663711 1168663775
1172966205 1172966269
1181454396 1181454460
1174235026 1174235090
1185367779 1185367843
1185385316 1185385380
1184808654 1184808718
1173408662 1173408726
1183189979 1183190043
1171789254 1171789318
1181290664 1181290728
1164719502 1164719566
1185382907 1185382971
1172452670 1172452734
1177295314 1177295378
1175577622 1175577686
1169708766 1169708830
1182408066 1182408130
1175407606 1175407670
1164739614 1164739678
1173515947 1173516011
1183120544 1183120608
1171559169 1171559233
1185975170 1185975234
1178210470 1178210534
1186775217 1186775281
1173499860 1173499924
1169641183 1169641247
1171080541 1171080605
1168309633 1168309697
1185681414 1185681478
1166387907 1166387971
1175004775 1175004839
1176982963 1176983027
1187534678 1187534742
1170510461 1170510525
1170300577 1170300641
1178232302 1178232366
1172966978 1172967042
1168981746 1168981810
1170504420 1170504484
1175466437 1175466501
1174568166 1174568230
1176550048 1176550112
1187541650 1187541714
1186385799 1186385863
1176425249 1176425313
1182960221 1182960285
1172310197 1172310261
1170370045 1170370109
1175238219 1175238283
1169960808 1169960872
1176876631 1176876695
1170067510 1170067574
1186354063 1186354127
1187592518 1187592582
1185706593 1185706657
1165580448 1165580512
1172880297 1172880361
1174569547 1174569611
1185274770 1185274834
1175719514 1175719578
1172632518 1172632582
1184950877 1184950941
1183171959 1183172023
1174514298 1174514362
1176724447 1176724511
1184697109 1184697173
1164737407 1164737471
1166363842 1166363906
1184852581 1184852645
1170497545 1170497609
1175674804 1175674868
1182681050 1182681114
1173665126 1173665190
1184897556 1184897620
1171018925 1171018989
1182543499 1182543563
1169710177 1169710241
1172966195 1172966259
1168693964 1168694028
1171273692 1171273756
1175428986 1175429050
1175145112 1175145176
1184938990 1184939054
1175239170 1175239234
1181002453 1181002517
1174487043 1174487107
1174363813 1174363877
1170709364 1170709428
1185146049 1185146113
1174487427 1174487491
1171548235 1171548299
1170744177 1170744241
1185986977 1185987041
1172496572 1172496636
1173833664 1173833728
1171672741 1171672805
1169719246 1169719310
1186009903 1186009967
1171694349 1171694413
1184620922 1184620986
1182221969 1182222033
1169304947 1169305011
1175141591 1175141655
1166342186 1166342250
1175745944 1175746008
1170835944 1170836008
1165581463 1165581527
1187394672 1187394736
1175479892 1175479956
1182399779 1182399843
1172634720 1172634784
1165407850 1165407914
1170622391 1170622455
1176306982 1176307046
1171985618 1171985682
1187271863 1187271927
1176022951 1176023015
1169216345 1169216409
1187088941 1187089005
1173351894 1173351958
1173720538 1173720602
1175314814 1175314878
1184795431 1184795495
1175783911 1175783975
1181244530 1181244594
1181048738 1181048802
1174483806 1174483870
1175323909 1175323973
1187709145 1187709209
1176527217 1176527281
1182341576 1182341640
1173652402 1173652466
1175015633 1175015697
1175407626 1175407690
1186489274 1186489338
1172146095 1172146159
1175307848 1175307912
1187560684 1187560748
1165566916 1165566980
1173767997 1173768061
1172324024 1172324088
1170308413 1170308477
1168498900 1168498964
1184506776 1184506840
1173665975 1173666039
1184507126 1184507190
1187098354 1187098418
1186316173 1186316237
1172723453 1172723517
1186105589 1186105653
1169709569 1169709633
1187640660 1187640724
1186467260 1186467324
1187150323 1187150387
1166336041 1166336105
1174496721 1174496785
1182427660 1182427724
1176276123 1176276187
1184961280 1184961344
1187639850 1187639914
1171462346 1171462410
1185349502 1185349566
1184184504 1184184568
1172194626 1172194690
1171110025 1171110089
1170499930 1170499994
1171068721 1171068785
1171039024 1171039088
1172634699 1172634763
1181669580 1181669644
1171462419 1171462483
1171069322 1171069386
1176413696 1176413760
1178116524 1178116588
1176853159 1176853223
1178066970 1178067034
1184057611 1184057675
1165071385 1165071449
1169819800 1169819864
1175305804 1175305868
1174409630 1174409694
1168280381 1168280445
1172322176 1172322240
1173475476 1173475540
1173739899 1173739963
1182890684 1182890748
1181971835 1181971899
1174947356 1174947420
1187399958 1187400022
1186029172 1186029236
1186391992 1186392056
1175899937 1175900001
1183189709 1183189773
1176246666 1176246730
1186754777 1186754841
1186527902 1186527966
1170326050 1170326114
1176936713 1176936777
1176998970 1176999034
1174898946 1174899010
1169557085 1169557149
1164770933 1164770997
1175601734 1175601798
1165976374 1165976438
1168982621 1168982685
1174086322 1174086386
1176901529 1176901593
1169640051 1169640115
1185768155 1185768219
1184858775 1184858839
1177255393 1177255457
1186929778 1186929842
1171037033 1171037097
1165730108 1165730172
1175213306 1175213370
1176698701 1176698765
1187425621 1187425685
1178224429 1178224493
1170640563 1170640627
1181682874 1181682938
1183147551 1183147615
1183049720 1183049784
1175420215 1175420279
1172486748 1172486812
1175790860 1175790924
1173105056 1173105120
1174668553 1174668617
1173665140 1173665204
1174021442 1174021506
1178137558 1178137622
1185254796 1185254860
1171267559 1171267623
1184520387 1184520451
1183173214 1183173278
1172179911 1172179975
1171467588 1171467652
1175789770 1175789834
1173953476 1173953540
1173970996 1173971060
1185770369 1185770433
1174898932 1174898996
1183268772 1183268836
1187024364 1187024428
1187595653 1187595717
1185254032 1185254096
1170089726 1170089790
1186726331 1186726395
1171293712 1171293776
1185084878 1185084942
1173426125 1173426189
1178122315 1178122379
1171269285 1171269349
1187568425 1187568489
1173797133 1173797197
1165728035 1165728099
1168272101 1168272165
1173097181 1173097245
1186546416 1186546480
1181851791 1181851855
1177016172 1177016236
1172272059 1172272123
1165620241 1165620305
1172496579 1172496643
1178157455 1178157519
1173194241 1173194305
1187702003 1187702067
1171394888 1171394952
1165901012 1165901076
1172629638 1172629702
1171780958 1171781022
1186379165 1186379229
1174998428 1174998492
1173796509 1173796573
1175799034 1175799098
1177211353 1177211417
1172447540 1172447604
1169643771 1169643835
1175407385 1175407449
1171031157 1171031221
1168937250 1168937314
1174787056 1174787120
1172486741 1172486805
1172970956 1172971020
1182879395 1182879459
1177439190 1177439254
1187548883 1187548947
1182365365 1182365429
1177404764 1177404828
1185754949 1185755013
1173825177 1173825241
1173288169 1173288233
1185460797 1185460861
1176260491 1176260555
1186919903 1186919967
1173258337 1173258401
1177244185 1177244249
1187581747 1187581811
1186308109 1186308173
1181002573 1181002637
1165669713 1165669777
1175654426 1175654490
1170695276 1170695340
1170299904 1170299968
1182249162 1182249226
1168661954 1168662018
1176936718 1176936782
1175104196 1175104260
1173817448 1173817512
1170770858 1170770922
1176319181 1176319245
1164789328 1164789392
1176917401 1176917465
1169299350 1169299414
1183085677 1183085741
1181973818 1181973882
1173791328 1173791392
1186887416 1186887480
1177005918 1177005982
1187562226 1187562290
1172701272 1172701336
1171879374 1171879438
1169816326 1169816390
1165485734 1165485798
1170984560 1170984624
1182460119 1182460183
1170157355 1170157419
1168352621 1168352685
1182711526 1182711590
1174701761 1174701825
1185869914 1185869978
1185210992 1185211056
1170107200 1170107264
1174457570 1174457634
1174488867 1174488931
1165483279 1165483343
1173748823 1173748887
1176482718 1176482782
1181867970 1181868034
1171552268 1171552332
1175029414 1175029478
1172480803 1172480867
1170718063 1170718127
1187700624 1187700688
1186104398 1186104462
1172843856 1172843920
1181503536 1181503600
1186880524 1186880588
1186215531 1186215595
1175338324 1175338388
1176678509 1176678573
1177751536 1177751600
1170936740 1170936804
1172317478 1172317542
1174795517 1174795581
1174583574 1174583638
1187578724 1187578788
1185277915 1185277979
1170288209 1170288273
1169053603 1169053667
1170679238 1170679302
1177087134 1177087198
