1171612760 1171612770
1182957479 1182957489
1185146076 1185146086
1176935714 1176935724
1174363840 1174363850
1174670382 1174670392
1181720372 1181720382
1187055513 1187055523
1181517108 1181517118
1175830185 1175830195
1175041706 1175041716
1181717161 1181717171
1168334233 1168334243
1175618491 1175618501
1181680221 1181680231
1175799061 1175799071
1171097317 1171097327
1186706971 1186706981
1181490182 1181490192
1169049053 1169049063
1175004802 1175004812
1172668066 1172668076
1170630278 1170630288
1175901189 1175901199
1170411364 1170411374
1175185562 1175185572
1185946830 1185946840
1171579085 1171579095
1170206621 1170206631
1174433533 1174433543
1175732117 1175732127
1182383196 1182383206
1187409390 1187409400
1172486775 1172486785
1169023879 1169023889
1174585766 1174585776
1174420278 1174420288
1173199010 1173199020
1173652429 1173652439
1175789807 1175789817
1178123418 1178123428
1183190006 1183190016
1172843883 1172843893
1175197404 1175197414
1187578751 1187578761
1175295745 1175295755
1174726733 1174726743
1169023867 1169023877
1181859924 1181859934
1170879798 1170879808
1173256364 1173256374
1181682901 1181682911
1187581774 1187581784
1166342213 1166342223
1187425648 1187425658
1168273432 1168273442
1176412159 1176412169
1174548911 1174548921
1173435860 1173435870
1176508953 1176508963
1176396274 1176396284
1171041454 1171041464
1175323936 1175323946
1185869941 1185869951
1183229980 1183229990
1172257671 1172257681
1168661938 1168661948
1171481416 1171481426
1177316188 1177316198
1171879401 1171879411
1174235053 1174235063
1174021469 1174021479
1177666998 1177667008
1170101034 1170101044
1177820187 1177820197
1184860997 1184861007
1172430858 1172430868
1173730667 1173730677
1172113361 1172113371
1186062817 1186062827
1187051333 1187051343
1175008886 1175008896
1186399250 1186399260
1187724407 1187724417
1175429013 1175429023
1170640590 1170640600
1181020735 1181020745
1173888746 1173888756
1182910783 1182910793
1174500269 1174500279
1182890711 1182890721
1187015057 1187015067
1186297232 1186297242
1176450913 1176450923
1184863000 1184863010
1170660775 1170660785
1175307875 1175307885
1169653712 1169653722
1177520475 1177520485
1186810753 1186810763
1185084905 1185084915
1172671556 1172671566
1182953379 1182953389
1183167789 1183167799
1178157482 1178157492
1170936767 1170936777
1170347654 1170347664
1174486819 1174486829
1174240787 1174240797
1174787083 1174787093
1183117187 1183117197
1186754804 1186754814
1171409082 1171409092
1173109174 1173109184
1184165157 1184165167
1171037060 1171037070
1172146122 1172146132
1181020417 1181020427
1170370072 1170370082
1182381436 1182381446
1184051987 1184051997
1185717271 1185717281
1181669607 1181669617
1170317804 1170317814
1170370078 1170370088
1171703378 1171703388
1187686270 1187686280
1173971023 1173971033
1176737086 1176737096
1170679525 1170679535
1185391598 1185391608
1170286996 1170287006
1173505886 1173505896
1169531827 1169531837
1171522773 1171522783
1185292321 1185292331
1168278119 1168278129
1181208639 1181208649
1184972649 1184972659
1182681077 1182681087
1177045655 1177045665
1173816962 1173816972
1176334928 1176334938
1164715199 1164715209
1182699816 1182699826
1181326361 1181326371
1170510488 1170510498
1187649666 1187649676
1176414188 1176414198
1171899774 1171899784
1173355161 1173355171
1175076085 1175076095
1181490203 1181490213
1172966216 1172966226
1187597380 1187597390
1165584432 1165584442
1176922993 1176923003
1174897522 1174897532
1183186675 1183186685
1175341801 1175341811
1174993461 1174993471
1186814466 1186814476
1174697120 1174697130
1171950365 1171950375
1168494070 1168494080
1170208504 1170208514
1187200603 1187200613
1176262058 1176262068
1181174923 1181174933
1174080720 1174080730
1182232758 1182232768
1169727733 1169727743
1166481362 1166481372
1176938921 1176938931
1181867997 1181868007
1176260518 1176260528
1182346940 1182346950
1186823276 1186823286
1177134920 1177134930
1185269740 1185269750
1172178594 1172178604
1185957642 1185957652
1174487082 1174487092
1186113392 1186113402
1169559814 1169559824
1176803330 1176803340
1169987248 1169987258
1171353990 1171354000
1187341210 1187341220
1183256083 1183256093
1182678879 1182678889
1187196330 1187196340
1184482337 1184482347
1176803840 1176803850
1171224758 1171224768
1171462467 1171462477
1187394699 1187394709
1172202745 1172202755
1181682734 1181682744
1186385826 1186385836
1169216518 1169216528
1172257800 1172257810
1174569574 1174569584
1184675197 1184675207
1169021477 1169021487
1170472887 1170472897
1183045954 1183045964
1164778424 1164778434
1170883356 1170883366
1165116753 1165116763
1170718090 1170718100
1187596968 1187596978
1187259830 1187259840
1171279360 1171279370
1165966004 1165966014
1172720969 1172720979
1175457217 1175457227
1184598612 1184598622
1176047812 1176047822
1184946677 1184946687
1174701788 1174701798
1183255152 1183255162
1174457597 1174457607
1185367806 1185367816
1174378663 1174378673
1181205270 1181205280
1176523251 1176523261
1181678680 1181678690
1168352648 1168352658
1169710204 1169710214
1172586726 1172586736
1173112608 1173112618
1182532516 1182532526
1185991766 1185991776
1186664191 1186664201
1186449496 1186449506
1174086349 1174086359
1173499891 1173499901
1169217343 1169217353
1185269725 1185269735
1183268799 1183268809
1165704578 1165704588
1182462002 1182462012
1186365601 1186365611
1171755740 1171755750
1182651450 1182651460
1176788142 1176788152
1171406535 1171406545
1175674831 1175674841
1173885904 1173885914
1169855872 1169855882
1181184562 1181184572
1174898959 1174898969
1171087605 1171087615
1165589957 1165589967
1175798902 1175798912
1175003104 1175003114
1171404391 1171404401
1177247836 1177247846
1174402795 1174402805
1169997763 1169997773
1184057638 1184057648
1173796536 1173796546
1173941039 1173941049
1181882557 1181882567
1172921394 1172921404
1170164602 1170164612
1186318824 1186318834
1165621602 1165621612
1174898952 1174898962
1175789797 1175789807
1170325920 1170325930
1168662183 1168662193
1184944277 1184944287
1184520426 1184520436
1170867769 1170867779
1169640078 1169640088
1185149265 1185149275
1172479697 1172479707
1181272690 1181272700
1186298575 1186298585
1171231046 1171231056
1176901195 1176901205
1175719541 1175719551
1173426152 1173426162
1172179938 1172179948
1181709379 1181709389
1185383008 1185383018
1169719273 1169719283
1183019655 1183019665
1176276150 1176276160
1171481409 1171481419
1171024285 1171024295
1175332471 1175332481
1165901039 1165901049
1170585578 1170585588
1186415586 1186415596
1187539049 1187539059
1183292668 1183292678
1184034287 1184034297
1168250175 1168250185
1175457788 1175457798
1174486516 1174486526
1185265690 1185265700
1181002600 1181002610
1185958370 1185958380
1169990765 1169990775
1165405248 1165405258
1175783938 1175783948
1187699427 1187699437
1168981773 1168981783
1171563511 1171563521
1165776757 1165776767
1176463945 1176463955
1169269887 1169269897
1168668566 1168668576
1165461319 1165461329
1169021586 1169021596
1174816944 1174816954
1170143574 1170143584
1181671964 1181671974
1181767564 1181767574
1176545384 1176545394
1173408689 1173408699
1173063650 1173063660
1170709391 1170709401
1175269111 1175269121
1172484483 1172484493
1176246693 1176246703
1176403141 1176403151
1183085704 1183085714
1181645926 1181645936
1186938330 1186938340
1183105247 1183105257
1172041368 1172041378
1174559630 1174559640
1176307398 1176307408
1165580441 1165580451
1171039051 1171039061
1176222729 1176222739
1178154162 1178154172
1182250735 1182250745
1172133801 1172133811
1181684332 1181684342
1172701299 1172701309
1172966227 1172966237
1185283896 1185283906
1187120290 1187120300
1165584869 1165584879
1186316200 1186316210
1186656933 1186656943
1172373686 1172373696
1172665431 1172665441
1172723480 1172723490
1173953503 1173953513
1178157323 1178157333
1184904507 1184904517
1173283654 1173283664
1177225986 1177225996
1177417462 1177417472
1175790849 1175790859
1184951080 1184951090
1175830281 1175830291
1175191177 1175191187
1174483833 1174483843
1170166324 1170166334
1170234332 1170234342
1168865418 1168865428
1182913950 1182913960
1171406558 1171406568
1186687562 1186687572
1181869560 1181869570
1176032083 1176032093
1186880551 1186880561
1176024366 1176024376
1166387934 1166387944
1174088840 1174088850
1186467287 1186467297
1185286767 1185286777
1183131221 1183131231
1171715557 1171715567
1176413723 1176413733
1186308136 1186308146
1165461036 1165461046
1178080645 1178080655
1185531600 1185531610
1173351921 1173351931
1172846097 1172846107
1182445333 1182445343
1185754976 1185754986
1183067728 1183067738
1175899964 1175899974
1181619305 1181619315
1186130349 1186130359
1170317507 1170317517
1172554254 1172554264
1182941971 1182941981
1175074219 1175074229
1168663993 1168664003
1175913054 1175913064
1169709596 1169709606
1181339432 1181339442
1174817023 1174817033
1174487070 1174487080
1185564835 1185564845
1169846806 1169846816
1187380094 1187380104
1173666002 1173666012
1171951139 1171951149
1173424242 1173424252
1184177369 1184177379
1182288893 1182288903
1177159014 1177159024
1171394915 1171394925
1175734520 1175734530
1174180754 1174180764
1187382873 1187382883
1181012272 1181012282
1183264317 1183264327
1182908410 1182908420
1172322203 1172322213
1169792479 1169792489
1185809560 1185809570
1185511809 1185511819
1169214770 1169214780
1171771932 1171771942
1168221230 1168221240
1171927311 1171927321
1178115744 1178115754
1181361313 1181361323
1175819746 1175819756
1186984707 1186984717
1168272555 1168272565
1170670277 1170670287
1186973342 1186973352
1186706760 1186706770
1169714776 1169714786
1177215489 1177215499
1170870652 1170870662
1171464510 1171464520
1184946008 1184946018
1174677822 1174677832
1171762057 1171762067
1186164430 1186164440
1171233666 1171233676
1176497883 1176497893
1186767544 1186767554
1186392019 1186392029
1185211019 1185211029
1165160738 1165160748
1172488915 1172488925
1187548910 1187548920
1169827867 1169827877
1175932678 1175932688
1181018583 1181018593
1178202706 1178202716
1186887386 1186887396
1185297663 1185297673
1177661860 1177661870
1184518260 1184518270
1187432727 1187432737
1176533674 1176533684
1168348968 1168348978
1173435943 1173435953
1168348814 1168348824
1170638432 1170638442
1187640851 1187640861
1171560914 1171560924
1171813700 1171813710
1176917428 1176917438
1165704006 1165704016
1185975197 1185975207
1174899480 1174899490
1187249674 1187249684
1172496606 1172496616
1186300854 1186300864
1175867801 1175867811
1178281406 1178281416
1182460146 1182460156
1182960248 1182960258
1181772053 1181772063
1175337619 1175337629
1177034805 1177034815
1177255420 1177255430
1186363715 1186363725
1176042645 1176042655
1177290821 1177290831
1178161220 1178161230
1175601761 1175601771
1178224456 1178224466
1182329162 1182329172
1178159134 1178159144
1168933363 1168933373
1172410788 1172410798
1175104223 1175104233
1183207382 1183207392
1184620949 1184620959
1187366101 1187366111
1175479919 1175479929
1173095058 1173095068
1184902485 1184902495
1184495309 1184495319
1181956549 1181956559
1170300604 1170300614
1187412128 1187412138
1184506981 1184506991
1182385837 1182385847
1172194296 1172194306
1187008877 1187008887
1185769414 1185769424
1184548494 1184548504
1182932463 1182932473
1171887564 1171887574
1174217442 1174217452
1187088968 1187088978
1186749742 1186749752
1183049747 1183049757
1174409657 1174409667
1173080741 1173080751
1170610953 1170610963
1184950913 1184950923
1174486917 1174486927
1168869383 1168869393
1177125637 1177125647
1170695303 1170695313
1181508136 1181508146
1170352367 1170352377
1185755709 1185755719
1171947016 1171947026
1185247177 1185247187
1177074875 1177074885
1169216384 1169216394
1184625884 1184625894
1168693991 1168694001
1182470477 1182470487
1172202751 1172202761
1173703837 1173703847
1185770237 1185770247
1187051990 1187052000
1181574138 1181574148
1187218875 1187218885
1172805613 1172805623
1174945426 1174945436
1186963040 1186963050
1181954347 1181954357
1172080891 1172080901
1175621626 1175621636
1185152190 1185152200
1187242903 1187242913
1169615419 1169615429
1176866201 1176866211
1187046056 1187046066
1186170720 1186170730
1181973845 1181973855
1178137585 1178137595
1174733189 1174733199
1185782626 1185782636
1186809709 1186809719
1182468933 1182468943
1174514325 1174514335
1186498725 1186498735
1172663861 1172663871
1166394431 1166394441
1187048202 1187048212
1181275846 1181275856
1173289176 1173289186
1183113447 1183113457
1187423565 1187423575
1186706284 1186706294
1173945079 1173945089
1187644671 1187644681
1173856497 1173856507
1187271890 1187271900
1165142885 1165142895
1171486546 1171486556
1173287592 1173287602
1174502395 1174502405
1181969877 1181969887
1175656898 1175656908
1176969287 1176969297
1181768174 1181768184
1183204909 1183204919
1172682280 1172682290
1175238246 1175238256
1168315092 1168315102
1168978274 1168978284
1175046189 1175046199
1187702030 1187702040
1181536442 1181536452
1175825223 1175825233
1169726692 1169726702
1176701831 1176701841
1177287330 1177287340
1174568193 1174568203
1176238348 1176238358
1171561861 1171561871
1183008727 1183008737
1173701667 1173701677
1169510195 1169510205
1186162670 1186162680
1182727266 1182727276
1170967504 1170967514
1183173241 1183173251
1181454423 1181454433
1164720301 1164720311
1181206696 1181206706
1171552295 1171552305
1178066997 1178067007
1176275668 1176275678
1170928146 1170928156
1184168136 1184168146
1185595210 1185595220
1170679265 1170679275
1178210497 1178210507
1174821038 1174821048
1185780450 1185780460
1187341288 1187341298
1176365986 1176365996
1187251659 1187251669
1173097325 1173097335
1185859549 1185859559
1185260215 1185260225
1168667942 1168667952
1170426805 1170426815
1174210939 1174210949
1181782197 1181782207
1187700651 1187700661
1165976401 1165976411
1185591617 1185591627
1176039519 1176039529
1170743775 1170743785
1187341216 1187341226
1170167916 1170167926
1171546740 1171546750
1168132732 1168132742
1177211380 1177211390
1173473759 1173473769
1174232995 1174233005
1181799270 1181799280
1187578744 1187578754
1178134933 1178134943
1173077236 1173077246
1186835589 1186835599
1184857599 1184857609
1186163034 1186163044
1174455343 1174455353
1186467201 1186467211
1164770960 1164770970
1169709675 1169709685
1176889243 1176889253
1171462428 1171462438
1165914443 1165914453
1182952824 1182952834
1174662606 1174662616
1185278752 1185278762
1184541482 1184541492
1176755556 1176755566
1186125945 1186125955
1175990103 1175990113
1177751563 1177751573
1172456382 1172456392
1186448863 1186448873
1185254823 1185254833
1181239322 1181239332
1171789351 1171789361
1187438920 1187438930
1172966232 1172966242
1176732152 1176732162
1169855661 1169855671
1169263769 1169263779
1182254078 1182254088
1184192415 1184192425
1186462099 1186462109
1186684835 1186684845
1164739641 1164739651
1174101214 1174101224
1169039094 1169039104
1185591612 1185591622
1175778848 1175778858
1176775163 1176775173
