1165580438 1165580502
1181520422 1181520486
1186719633 1186719697
1165776730 1165776794
1170932404 1170932468
1170648546 1170648610
1186462909 1186462973
1170167889 1170167953
1171883208 1171883272
1178154135 1178154199
1172202688 1172202752
1175996977 1175997041
1173287565 1173287629
1183228807 1183228871
1174881487 1174881551
1171571507 1171571571
1185986987 1185987051
1176636873 1176636937
1175296552 1175296616
1182795407 1182795471
1181018556 1181018620
1176199780 1176199844
1174670355 1174670419
1178204023 1178204087
1172668039 1172668103
1185389775 1185389839
1185357129 1185357193
1174216800 1174216864
1182288866 1182288930
1172497022 1172497086
1183008700 1183008764
1177158987 1177159051
1185520239 1185520303
1172058643 1172058707
1178179557 1178179621
1171557793 1171557857
1176370512 1176370576
1165994177 1165994241
1174541157 1174541221
1177740804 1177740868
1186998583 1186998647
1186300827 1186300891
1186656147 1186656211
1186833801 1186833865
1165071390 1165071454
1172218802 1172218866
1172196317 1172196381
1182500441 1182500505
1176484799 1176484863
1173834704 1173834768
1169709648 1169709712
1187004240 1187004304
1175681907 1175681971
1186540010 1186540074
1171762030 1171762094
1169055285 1169055349
1174240760 1174240824
1165584842 1165584906
1168661911 1168661975
1172588845 1172588909
1182913923 1182913987
1175790822 1175790886
1178123391 1178123455
1176864724 1176864788
1184045122 1184045186
1187619023 1187619087
1172257644 1172257708
1173220452 1173220516
1176464400 1176464464
1169217316 1169217380
1185507704 1185507768
1177306396 1177306460
1169631753 1169631817
1173289149 1173289213
1174413547 1174413611
1171464483 1171464547
1170833337 1170833401
1184972622 1184972686
1175853429 1175853493
1176545357 1176545421
1170472860 1170472924
1187341183 1187341247
1181272663 1181272727
1165532809 1165532873
1184620910 1184620974
1185591585 1185591649
1181361286 1181361350
1170679487 1170679551
1173296231 1173296295
1181363911 1181363975
1171050238 1171050302
1185474242 1185474306
1175851432 1175851496
1171233639 1171233703
1172206751 1172206815
1170000139 1170000203
1174582661 1174582725
1186810726 1186810790
1184950986 1184951050
1187412101 1187412165
1181326287 1181326351
1187098392 1187098456
1187051306 1187051370
1187639386 1187639450
1174899475 1174899539
1174420251 1174420315
1173063623 1173063687
1171278825 1171278889
1174499621 1174499685
1181769185 1181769249
1186592100 1186592164
1186919908 1186919972
1186967114 1186967178
1169724424 1169724488
1187380067 1187380131
1184210271 1184210335
1171214314 1171214378
1187051963 1187052027
1168933336 1168933400
1174355768 1174355832
1178147279 1178147343
1186882247 1186882311
1173075359 1173075423
1175213407 1175213471
1184040514 1184040578
1184598585 1184598649
1169269860 1169269924
1168272528 1168272592
1171406508 1171406572
1184945981 1184946045
1169288017 1169288081
1172373152 1172373216
1182254610 1182254674
1174378636 1174378700
1173856470 1173856534
1184598082 1184598146
1170143547 1170143611
1169270254 1169270318
1185289726 1185289790
1173829838 1173829902
1183354878 1183354942
1173727670 1173727734
1174822362 1174822426
1170900644 1170900708
1176803303 1176803367
1170101007 1170101071
1174434206 1174434270
1185256412 1185256476
1185972406 1185972470
1172260037 1172260101
1174080693 1174080757
1169887342 1169887406
1183255125 1183255189
1182398359 1182398423
1170164575 1170164639
1173788413 1173788477
1176991943 1176992007
1165160711 1165160775
1185274110 1185274174
1185263214 1185263278
1187644230 1187644294
1181912181 1181912245
1173263409 1173263473
1185286733 1185286797
1185249559 1185249623
1171804289 1171804353
1169726665 1169726729
1176939663 1176939727
1187722113 1187722177
1165068130 1165068194
1175841378 1175841442
1178080618 1178080682
1170413709 1170413773
1183206154 1183206218
1175457190 1175457254
1181541506 1181541570
1165373961 1165374025
1187212849 1187212913
1187412097 1187412161
1168232245 1168232309
1172920243 1172920307
1181555536 1181555600
1181799243 1181799307
1176549696 1176549760
1181049578 1181049642
1173355341 1173355405
1173477162 1173477226
1173732530 1173732594
1184034260 1184034324
1170964538 1170964602
1174744162 1174744226
1187230741 1187230805
1176901168 1176901232
1185270015 1185270079
1173730640 1173730704
1184691209 1184691273
1187649639 1187649703
1172563489 1172563553
1170608040 1170608104
1184918825 1184918889
1187163325 1187163389
1165587202 1165587266
1181784567 1181784631
1170670250 1170670314
1176171669 1176171733
1176727727 1176727791
1185297636 1185297700
1182247094 1182247158
1186467174 1186467238
1187699400 1187699464
1185946807 1185946871
1176477607 1176477671
1187622097 1187622161
1169834207 1169834271
1184506931 1184506995
1165621575 1165621639
1181823463 1181823527
1170597056 1170597120
1172202724 1172202788
1173238142 1173238206
1187212316 1187212380
1183167762 1183167826
1174453974 1174454038
1187561836 1187561900
1186653614 1186653678
1185390771 1185390835
1182751604 1182751668
1176728113 1176728177
1174993434 1174993498
1186960530 1186960594
1186319932 1186319996
1181480598 1181480662
1187724380 1187724444
1181184535 1181184599
1165116726 1165116790
1175670183 1175670247
1173662751 1173662815
1183278719 1183278783
1174634417 1174634481
1170788235 1170788299
1169023852 1169023916
1187409363 1187409427
1169794121 1169794185
1186557335 1186557399
1168666495 1168666559
1170104795 1170104859
1176337230 1176337294
1164720274 1164720338
1184621956 1184622020
1170714086 1170714150
1186298548 1186298612
1175425478 1175425542
1186918400 1186918464
1175337592 1175337656
1165987596 1165987660
1182232731 1182232795
1182346913 1182346977
1164715172 1164715236
1185449881 1185449945
1184675170 1184675234
1186687535 1186687599
1170597061 1170597125
1173945052 1173945116
1169686587 1169686651
1182532489 1182532553
1186656906 1186656970
1185432380 1185432444
1176799441 1176799505
1170228940 1170229004
1176047785 1176047849
1176181643 1176181707
1182383169 1182383233
1181768147 1181768211
1168661714 1168661778
1175913027 1175913091
1183160237 1183160301
1184625857 1184625921
1164773294 1164773358
1186706249 1186706313
1165914416 1165914480
1169987221 1169987285
1185362970 1185363034
1181684305 1181684369
1181338423 1181338487
1173112581 1173112645
1174496853 1174496917
1182466242 1182466306
1182471078 1182471142
1184651979 1184652043
1184939016 1184939080
1176315106 1176315170
1184042194 1184042258
1176042618 1176042682
1187266571 1187266635
1174271048 1174271112
1183292389 1183292453
1186448836 1186448900
1187423538 1187423602
1182698569 1182698633
1174373806 1174373870
1185770210 1185770274
1186662652 1186662716
1183043549 1183043613
1185889492 1185889556
1183141207 1183141271
1184886178 1184886242
1185991739 1185991803
1185591590 1185591654
1176523224 1176523288
1187220247 1187220311
1181619278 1181619342
1176396247 1176396311
1182893967 1182894031
1181577925 1181577989
1171409055 1171409119
1174559578 1174559642
1176938894 1176938958
1187341189 1187341253
1182325649 1182325713
1182341159 1182341223
1166427520 1166427584
1184680525 1184680589
1169094350 1169094414
1187249647 1187249711
1168988475 1168988539
1173824510 1173824574
1164686009 1164686073
1172472442 1172472506
1165405221 1165405285
1186662620 1186662684
1181851542 1181851606
1175326295 1175326359
1172237800 1172237864
1169087595 1169087659
1171715530 1171715594
1170352340 1170352404
1165589930 1165589994
1182389326 1182389390
1171041710 1171041774
1170679498 1170679562
1185257017 1185257081
1184946650 1184946714
1177316161 1177316225
1174486489 1174486553
1174726706 1174726770
1174927408 1174927472
1186327013 1186327077
1175076058 1175076122
1174820631 1174820695
1181709352 1181709416
1168668539 1168668603
1175698343 1175698407
1183123096 1183123160
1183247883 1183247947
1173668034 1173668098
1170166297 1170166361
1171716753 1171716817
1173670301 1173670365
1171408896 1171408960
1183112322 1183112386
1170075216 1170075280
1172642694 1172642758
1173701640 1173701704
1169855845 1169855909
1172257037 1172257101
1182427696 1182427760
1170632267 1170632331
1174816917 1174816981
1187494120 1187494184
1185278056 1185278120
1185349692 1185349756
1186462072 1186462136
1172260245 1172260309
1165667922 1165667986
1185706830 1185706894
1171353963 1171354027
1174900305 1174900369
1185284185 1185284249
1170585551 1170585615
1186021527 1186021591
1187166332 1187166396
1185976815 1185976879
1182941944 1182942008
1169896623 1169896687
1171954979 1171955043
1178134906 1178134970
1171097290 1171097354
1172202718 1172202782
1181682707 1181682771
1169833795 1169833859
1169990738 1169990802
1165590667 1165590731
1172484456 1172484520
1173499864 1173499928
1187432710 1187432774
1168694028 1168694092
1185260166 1185260230
1177074848 1177074912
1187436627 1187436691
1185247163 1185247227
1175889944 1175890008
1183251648 1183251712
1186383851 1186383915
1184103544 1184103608
1170892137 1170892201
1182000159 1182000223
1174081153 1174081217
1165589818 1165589882
1172988708 1172988772
1185185176 1185185240
1185957615 1185957679
1186741829 1186741893
1187366074 1187366138
1185286740 1185286804
1186767517 1186767581
1171326609 1171326673
1176463918 1176463982
1174096807 1174096871
1181293393 1181293457
1186814439 1186814503
1173152356 1173152420
1176820076 1176820140
1184936559 1184936623
1187251083 1187251147
1169216497 1169216561
1176508926 1176508990
1171298966 1171299030
1185540252 1185540316
1176959616 1176959680
1185564808 1185564872
1181330700 1181330764
1186887428 1186887492
1187382846 1187382910
1175405050 1175405114
1169044184 1169044248
1181239295 1181239359
1175185535 1175185599
1186804830 1186804894
1184520399 1184520463
1171334022 1171334086
1175146533 1175146597
1174487055 1174487119
1173612663 1173612727
1173720329 1173720393
1174413580 1174413644
1172966200 1172966264
1170580195 1170580259
1173355134 1173355198
1177287303 1177287367
1174180823 1174180887
1181574111 1181574175
1171474194 1171474258
1170370051 1170370115
1181487914 1181487978
1177295653 1177295717
1170680396 1170680460
1171041427 1171041491
1172184393 1172184457
1169653685 1169653749
1166481335 1166481399
1173198983 1173199047
1168694742 1168694806
1170231636 1170231700
1173886832 1173886896
1177254551 1177254615
1181985402 1181985466
1177850142 1177850206
1173819607 1173819671
1174693414 1174693478
1171560887 1171560951
1171462369 1171462433
1171254917 1171254981
1170413879 1170413943
1168659385 1168659449
1175798875 1175798939
1177316770 1177316834
1171428342 1171428406
1185265663 1185265727
1182447527 1182447591
1182957036 1182957100
1187329130 1187329194
1181956522 1181956586
1181326244 1181326308
1174220039 1174220103
1173273949 1173274013
1171351366 1171351430
1181490155 1181490219
1178206249 1178206313
1186484339 1186484403
1187215069 1187215133
1183178458 1183178522
1185986982 1185987046
1183105867 1183105931
1174500242 1174500306
1174945399 1174945463
1185281263 1185281327
1182419259 1182419323
1170923859 1170923923
1170317825 1170317889
1174505812 1174505876
1181275819 1181275883
1172471018 1172471082
1173080714 1173080778
1186130322 1186130386
1173250449 1173250513
1182381409 1182381473
1175882899 1175882963
1174697914 1174697978
1170731137 1170731201
1186935148 1186935212
1164778217 1164778281
1187269077 1187269141
1176018725 1176018789
1187432700 1187432764
1174992346 1174992410
1174738651 1174738715
1165975661 1165975725
1175867774 1175867838
1172966634 1172966698
1181532372 1181532436
1183022380 1183022444
1172410761 1172410825
1172592839 1172592903
1170796660 1170796724
1181326282 1181326346
1185271947 1185272011
1186299648 1186299712
1182250846 1182250910
1174059762 1174059826
1169263742 1169263806
1172257773 1172257837
1168666058 1168666122
1170870625 1170870689
1182819019 1182819083
1182811047 1182811111
1164778397 1164778461
1178231612 1178231676
1183186648 1183186712
1171563484 1171563548
1176755529 1176755593
1176032056 1176032120
1186706244 1186706308
1168278092 1168278156
1181869533 1181869597
1171959027 1171959091
1171552218 1171552282
1186658464 1186658528
1185152163 1185152227
1186112508 1186112572
1187400039 1187400103
1165994145 1165994209
1187048175 1187048239
1174212526 1174212590
1165122522 1165122586
1182291596 1182291660
1187313585 1187313649
1171592563 1171592627
1186173663 1186173727
1174496710 1174496774
1182727239 1182727303
1185269698 1185269762
1174409553 1174409617
1175744885 1175744949
1182445306 1182445370
1187682477 1187682541
1170220430 1170220494
1186415559 1186415623
1175734493 1175734557
1172222643 1172222707
1182840166 1182840230
1171087578 1171087642
1173495826 1173495890
1174950156 1174950220
1178163500 1178163564
1185717244 1185717308
1173757707 1173757771
1177316762 1177316826
1173096858 1173096922
1174486792 1174486856
1185690769 1185690833
1170234305 1170234369
1170072949 1170073013
1175160839 1175160903
1175893567 1175893631
1172970968 1172971032
1187431180 1187431244
1165704551 1165704615
1171951112 1171951176
1170763987 1170764051
1184887161 1184887225
1184039055 1184039119
1181769104 1181769168
1170611595 1170611659
1185545025 1185545089
1176773843 1176773907
1166394404 1166394468
1177125610 1177125674
1185276290 1185276354
1170967947 1170968011
1175046162 1175046226
1175595521 1175595585
1182967444 1182967508
1168663999 1168664063
1176892507 1176892571
1173236095 1173236159
1176422239 1176422303
1172104479 1172104543
1168662156 1168662220
1171612733 1171612797
1176365959 1176366023
1181517081 1181517145
1175594465 1175594529
1187389405 1187389469
1175656871 1175656935
1187438893 1187438957
1165580414 1165580478
1181012245 1181012309
1176403114 1176403178
1170630251 1170630315
1176638548 1176638612
1183207355 1183207419
1169969322 1169969386
1185511782 1185511846
1175778821 1175778885
1174023967 1174024031
1169581877 1169581941
1173424215 1173424279
1176247022 1176247086
1186712642 1186712706
1171548749 1171548813
1174457785 1174457849
1172080864 1172080928
1171214310 1171214374
1185292294 1185292358
1186938303 1186938367
1185366999 1185367063
1182678852 1182678916
1182437913 1182437977
1175148110 1175148174
1181671937 1181672001
1186448832 1186448896
1186684808 1186684872
1187539022 1187539086
1182326092 1182326156
1173262709 1173262773
1186029723 1186029787
1175856112 1175856176
1187185317 1187185381
1186164788 1186164852
1171395987 1171396051
1184972613 1184972677
1182670086 1182670150
1169559787 1169559851
1175332444 1175332508
1182724414 1182724478
1165460989 1165461053
1177126738 1177126802
1170296447 1170296511
1173935483 1173935547
1169010032 1169010096
1184620235 1184620299
1184541455 1184541519
1187324468 1187324532
1187338921 1187338985
1184520375 1184520439
1165994158 1165994222
1183131194 1183131258
1176236485 1176236549
1169630286 1169630350
1172586699 1172586763
1176631167 1176631231
1186149178 1186149242
1176533647 1176533711
1169021450 1169021514
1176995157 1176995221
1171069295 1171069359
1171761005 1171761069
1169873570 1169873634
1173993551 1173993615
1187644644 1187644708
