1181912193 1181912233
1181920349 1181920389
1181954332 1181954372
1181956534 1181956574
1181965627 1181965667
1181969862 1181969902
1181971847 1181971887
1181973830 1181973870
1181985414 1181985454
1181985588 1181985628
1182000171 1182000211
1182001182 1182001222
1182220153 1182220193
1182221981 1182222021
1182223452 1182223492
1182232743 1182232783
1182236040 1182236080
1182247106 1182247146
1182249174 1182249214
1182250720 1182250760
1182250858 1182250898
1182254063 1182254103
1182254622 1182254662
1182281061 1182281101
1182288878 1182288918
1182291608 1182291648
1182308534 1182308574
1182325661 1182325701
1182326104 1182326144
1182329147 1182329187
1182341171 1182341211
1182341588 1182341628
1182346925 1182346965
1182347434 1182347474
1182357072 1182357112
1182365377 1182365417
1182371127 1182371167
1182381421 1182381461
1182383181 1182383221
1182385822 1182385862
1182389338 1182389378
1182398371 1182398411
1182399791 1182399831
1182401647 1182401687
1182408078 1182408118
1182419271 1182419311
1182427672 1182427712
1182427708 1182427748
1182428292 1182428332
1182436805 1182436845
1182437925 1182437965
1182445318 1182445358
1182447539 1182447579
1182460131 1182460171
1182461987 1182462027
1182466172 1182466212
1182466254 1182466294
1182468918 1182468958
1182470462 1182470502
1182471090 1182471130
1182500453 1182500493
1182532501 1182532541
1182538542 1182538582
1182543511 1182543551
1182651435 1182651475
1182670098 1182670138
1182678864 1182678904
1182681062 1182681102
1182693982 1182694022
1182698581 1182698621
1182699801 1182699841
1182701178 1182701218
1182711538 1182711578
1182718830 1182718870
1182721835 1182721875
1182724426 1182724466
1182727251 1182727291
1182728076 1182728116
1182748605 1182748645
1182751616 1182751656
1182795419 1182795459
1182800758 1182800798
1182808765 1182808805
1182811059 1182811099
1182819031 1182819071
1182840178 1182840218
1182865965 1182866005
1182873000 1182873040
1182874625 1182874665
1182879407 1182879447
1182890696 1182890736
1182892660 1182892700
1182893979 1182894019
1182908395 1182908435
1182910743 1182910783
1182910768 1182910808
1182913935 1182913975
1182932448 1182932488
1182939819 1182939859
1182941956 1182941996
1182952809 1182952849
1182953364 1182953404
1182957048 1182957088
1182957464 1182957504
1182960233 1182960273
1182967456 1182967496
1183008712 1183008752
1183019640 1183019680
1183022392 1183022432
1183033623 1183033663
1183036138 1183036178
1183043561 1183043601
1183045939 1183045979
1183049732 1183049772
1183050714 1183050754
1183067713 1183067753
1183085689 1183085729
1183092084 1183092124
1183105232 1183105272
1183105879 1183105919
1183112334 1183112374
1183113432 1183113472
1183117172 1183117212
1183120110 1183120150
1183120556 1183120596
1183123108 1183123148
1183131206 1183131246
1183141219 1183141259
1183147563 1183147603
1183160249 1183160289
1183167774 1183167814
1183171971 1183172011
1183173175 1183173215
1183173226 1183173266
1183178470 1183178510
1183179772 1183179812
1183186660 1183186700
1183189701 1183189741
1183189713 1183189753
1183189721 1183189761
1183189991 1183190031
1183191811 1183191851
1183201582 1183201622
1183204894 1183204934
1183206166 1183206206
1183207367 1183207407
1183220774 1183220814
1183226405 1183226445
1183228819 1183228859
1183229965 1183230005
1183236971 1183237011
1183244741 1183244781
1183247895 1183247935
1183248396 1183248436
1183251647 1183251687
1183251660 1183251700
1183255137 1183255177
1183256068 1183256108
1183259728 1183259768
1183264302 1183264342
1183267959 1183267999
1183268784 1183268824
1183278731 1183278771
1183291006 1183291046
1183291606 1183291646
1183292401 1183292441
1183292653 1183292693
1183335065 1183335105
1183344930 1183344970
1183351430 1183351470
1183354890 1183354930
1183357038 1183357078
1184033936 1184033976
1184034272 1184034312
1184035414 1184035454
1184036130 1184036170
1184039067 1184039107
1184040526 1184040566
1184042206 1184042246
1184045134 1184045174
1184047702 1184047742
1184050974 1184051014
1184051972 1184052012
1184057623 1184057663
1184103556 1184103596
1184154485 1184154525
1184165142 1184165182
1184168121 1184168161
1184177354 1184177394
1184184446 1184184486
1184184516 1184184556
1184192400 1184192440
1184210283 1184210323
1184482322 1184482362
1184495294 1184495334
1184497661 1184497701
1184504291 1184504331
1184506788 1184506828
1184506943 1184506983
1184506966 1184507006
1184507138 1184507178
1184518245 1184518285
1184520387 1184520427
1184520399 1184520439
1184520411 1184520451
1184540842 1184540882
1184541467 1184541507
1184544115 1184544155
1184547491 1184547531
1184548479 1184548519
1184551035 1184551075
1184589961 1184590001
1184598094 1184598134
1184598597 1184598637
1184618015 1184618055
1184618043 1184618083
1184620247 1184620287
1184620922 1184620962
1184620927 1184620967
1184620934 1184620974
1184621968 1184622008
1184625869 1184625909
1184651991 1184652031
1184675037 1184675077
1184675182 1184675222
1184675789 1184675829
1184680537 1184680577
1184691221 1184691261
1184697121 1184697161
1184741701 1184741741
1184744300 1184744340
1184751045 1184751085
1184784414 1184784454
1184795443 1184795483
1184808344 1184808384
1184808666 1184808706
1184852593 1184852633
1184857584 1184857624
1184858787 1184858827
1184860982 1184861022
1184862985 1184863025
1184873655 1184873695
1184886190 1184886230
1184886595 1184886635
1184887173 1184887213
1184897311 1184897351
1184897568 1184897608
1184902470 1184902510
1184904492 1184904532
1184918837 1184918877
1184936571 1184936611
1184937602 1184937642
1184939002 1184939042
1184939028 1184939068
1184940772 1184940812
1184944262 1184944302
1184945993 1184946033
1184946662 1184946702
1184950832 1184950872
1184950837 1184950877
1184950889 1184950929
1184950894 1184950934
1184950898 1184950938
1184950998 1184951038
1184951050 1184951090
1184951065 1184951105
1184961271 1184961311
1184961292 1184961332
1184972625 1184972665
1184972634 1184972674
1184983945 1184983985
1185084890 1185084930
1185092271 1185092311
1185146061 1185146101
1185148641 1185148681
1185149250 1185149290
1185149297 1185149337
1185152175 1185152215
1185185188 1185185228
1185185245 1185185285
1185190104 1185190144
1185196161 1185196201
1185200885 1185200925
1185205521 1185205561
1185211004 1185211044
1185247162 1185247202
1185247175 1185247215
1185247189 1185247229
1185249571 1185249611
1185254044 1185254084
1185254808 1185254848
1185256424 1185256464
1185257029 1185257069
1185260178 1185260218
1185260200 1185260240
1185263226 1185263266
1185264171 1185264211
1185265675 1185265715
1185269710 1185269750
1185269725 1185269765
1185270027 1185270067
1185271959 1185271999
1185274122 1185274162
1185274782 1185274822
1185275973 1185276013
1185276302 1185276342
1185277927 1185277967
1185278068 1185278108
1185278737 1185278777
1185278972 1185279012
1185281275 1185281315
1185282604 1185282644
1185283881 1185283921
1185284030 1185284070
1185284197 1185284237
1185286745 1185286785
1185286752 1185286792
1185289734 1185289774
1185289738 1185289778
1185289851 1185289891
1185292306 1185292346
1185293169 1185293209
1185297648 1185297688
1185348595 1185348635
1185349514 1185349554
1185349704 1185349744
1185350686 1185350726
1185357141 1185357181
1185362982 1185363022
1185367011 1185367051
1185367791 1185367831
1185382919 1185382959
1185382993 1185383033
1185385328 1185385368
1185389787 1185389827
1185390783 1185390823
1185391583 1185391623
1185432392 1185432432
1185449893 1185449933
1185452967 1185453007
1185460809 1185460849
1185464556 1185464596
1185474254 1185474294
1185507716 1185507756
1185511794 1185511834
1185512048 1185512088
1185520251 1185520291
1185526097 1185526137
1185531585 1185531625
1185540264 1185540304
1185545037 1185545077
1185564820 1185564860
1185591585 1185591625
1185591597 1185591637
1185591602 1185591642
1185594882 1185594922
1185595195 1185595235
1185666559 1185666599
1185670406 1185670446
1185681426 1185681466
1185682477 1185682517
1185690781 1185690821
1185706605 1185706645
1185706842 1185706882
1185717256 1185717296
1185754961 1185755001
1185755694 1185755734
1185767494 1185767534
1185768167 1185768207
1185769399 1185769439
1185770222 1185770262
1185770381 1185770421
1185780435 1185780475
1185782611 1185782651
1185790179 1185790219
1185798960 1185799000
1185809545 1185809585
1185810700 1185810740
1185836081 1185836121
1185847248 1185847288
1185859417 1185859457
1185859534 1185859574
1185869926 1185869966
1185889504 1185889544
1185934729 1185934769
1185941104 1185941144
1185942917 1185942957
1185946815 1185946855
1185946819 1185946859
1185957627 1185957667
1185958355 1185958395
1185972418 1185972458
1185975182 1185975222
1185976827 1185976867
1185986989 1185987029
1185986994 1185987034
1185986999 1185987039
1185988986 1185989026
1185991751 1185991791
1185992669 1185992709
1186007870 1186007910
1186009915 1186009955
1186021539 1186021579
1186028471 1186028511
1186029184 1186029224
1186029735 1186029775
1186049239 1186049279
1186049244 1186049284
1186062802 1186062842
1186072816 1186072856
1186094021 1186094061
1186104410 1186104450
1186105405 1186105445
1186105601 1186105641
1186105702 1186105742
1186112160 1186112200
1186112520 1186112560
1186113377 1186113417
1186125930 1186125970
1186127895 1186127935
1186130334 1186130374
1186149190 1186149230
1186154413 1186154453
1186158580 1186158620
1186160192 1186160232
1186162655 1186162695
1186163019 1186163059
1186164415 1186164455
1186164800 1186164840
1186170705 1186170745
1186173675 1186173715
1186215543 1186215583
1186228240 1186228280
1186233305 1186233345
1186297217 1186297257
1186298560 1186298600
1186299660 1186299700
1186300839 1186300879
1186302499 1186302539
1186308121 1186308161
1186315757 1186315797
1186316185 1186316225
1186318809 1186318849
1186319944 1186319984
1186327025 1186327065
1186354075 1186354115
1186357157 1186357197
1186363700 1186363740
1186365586 1186365626
1186369679 1186369719
1186371104 1186371144
1186379177 1186379217
1186383863 1186383903
1186385811 1186385851
1186392004 1186392044
1186392021 1186392061
1186399235 1186399275
1186413293 1186413333
1186415571 1186415611
1186448839 1186448879
1186448844 1186448884
1186448848 1186448888
1186449481 1186449521
1186455202 1186455242
1186462084 1186462124
1186462921 1186462961
1186467186 1186467226
1186467272 1186467312
1186484351 1186484391
1186489286 1186489326
1186496464 1186496504
1186498710 1186498750
1186527914 1186527954
1186540022 1186540062
1186543753 1186543793
1186546428 1186546468
1186557347 1186557387
1186557715 1186557755
1186569925 1186569965
1186577225 1186577265
1186587370 1186587410
1186592112 1186592152
1186592510 1186592550
1186592630 1186592670
1186598272 1186598312
1186648235 1186648275
1186653626 1186653666
1186656159 1186656199
1186656918 1186656958
1186658476 1186658516
1186662632 1186662672
1186662664 1186662704
1186664176 1186664216
1186684820 1186684860
1186687547 1186687587
1186687764 1186687804
1186706256 1186706296
1186706261 1186706301
1186706269 1186706309
1186706745 1186706785
1186706956 1186706996
1186712654 1186712694
1186719645 1186719685
1186726343 1186726383
1186741841 1186741881
1186749727 1186749767
1186753581 1186753621
1186754789 1186754829
1186767529 1186767569
1186775229 1186775269
1186804842 1186804882
1186809694 1186809734
1186810738 1186810778
1186814062 1186814102
1186814451 1186814491
1186823261 1186823301
1186833813 1186833853
1186835574 1186835614
1186880536 1186880576
1186882259 1186882299
1186883603 1186883643
1186887371 1186887411
1186887428 1186887468
1186887440 1186887480
1186891155 1186891195
1186918412 1186918452
1186919915 1186919955
1186919920 1186919960
1186929790 1186929830
1186935160 1186935200
1186938315 1186938355
1186960542 1186960582
1186963025 1186963065
1186967126 1186967166
1186973327 1186973367
1186984692 1186984732
1186990454 1186990494
1186998595 1186998635
1187004252 1187004292
1187008862 1187008902
1187015042 1187015082
1187015094 1187015134
1187024376 1187024416
1187037724 1187037764
1187046041 1187046081
1187048187 1187048227
1187051318 1187051358
1187051975 1187052015
1187055498 1187055538
1187084337 1187084377
1187088953 1187088993
1187092296 1187092336
1187098366 1187098406
1187098404 1187098444
1187120275 1187120315
1187135353 1187135393
1187150335 1187150375
1187157780 1187157820
1187163333 1187163373
1187163337 1187163377
1187166344 1187166384
1187182978 1187183018
1187185329 1187185369
1187196315 1187196355
1187200588 1187200628
1187212185 1187212225
1187212328 1187212368
1187212861 1187212901
1187213248 1187213288
1187215081 1187215121
1187218860 1187218900
1187220245 1187220285
1187220259 1187220299
1187222619 1187222659
1187230753 1187230793
1187242888 1187242928
1187249659 1187249699
1187251095 1187251135
1187251644 1187251684
1187259815 1187259855
1187266583 1187266623
1187269089 1187269129
1187271875 1187271915
1187293351 1187293391
1187307634 1187307674
1187313597 1187313637
1187324480 1187324520
1187324617 1187324657
1187329142 1187329182
1187331358 1187331398
1187332027 1187332067
1187333803 1187333843
1187336217 1187336257
1187338933 1187338973
1187341195 1187341235
1187341201 1187341241
1187341273 1187341313
1187366086 1187366126
1187369714 1187369754
1187377462 1187377502
1187380079 1187380119
1187382858 1187382898
1187384523 1187384563
1187385458 1187385498
1187389417 1187389457
1187390080 1187390120
1187390098 1187390138
1187394684 1187394724
1187399970 1187400010
1187400037 1187400077
1187400051 1187400091
1187409375 1187409415
1187412103 1187412143
1187412109 1187412149
1187412113 1187412153
1187423550 1187423590
1187425633 1187425673
1187426409 1187426449
1187430735 1187430775
1187431192 1187431232
1187432712 1187432752
1187432722 1187432762
1187435346 1187435386
1187436639 1187436679
1187438905 1187438945
1187485040 1187485080
1187494132 1187494172
1187501373 1187501413
1187524919 1187524959
1187527631 1187527671
1187527879 1187527919
1187529236 1187529276
1187534690 1187534730
1187539034 1187539074
1187541662 1187541702
1187541719 1187541759
1187548895 1187548935
1187554324 1187554364
1187554695 1187554735
1187560696 1187560736
1187561848 1187561888
1187562238 1187562278
1187568437 1187568477
1187571254 1187571294
1187576199 1187576239
1187578729 1187578769
1187578736 1187578776
1187581759 1187581799
1187591422 1187591462
1187592530 1187592570
1187595665 1187595705
1187596953 1187596993
1187597365 1187597405
1187598516 1187598556
1187598866 1187598906
1187599862 1187599902
1187610118 1187610158
1187613251 1187613291
1187619035 1187619075
1187622109 1187622149
1187639398 1187639438
1187639862 1187639902
1187640672 1187640712
1187640836 1187640876
1187644242 1187644282
1187644656 1187644696
1187649339 1187649379
1187649651 1187649691
1187654458 1187654498
1187682489 1187682529
1187683476 1187683516
1187686255 1187686295
1187699412 1187699452
1187700636 1187700676
1187702015 1187702055
1187709157 1187709197
1187721635 1187721675
1187722125 1187722165
1187724392 1187724432
1187725387 1187725427
