1170968990 1170969000
1171362220 1171362230
1176869012 1176869022
1171681398 1171681408
1187554339 1187554349
1174212553 1174212563
1187215096 1187215106
1175482173 1175482183
1182281076 1182281086
1170075243 1170075253
1184950904 1184950914
1176998997 1176999007
1165590694 1165590704
1172041416 1172041426
1165483306 1165483316
1178123909 1178123919
1166336068 1166336078
1187561863 1187561873
1181520449 1181520459
1185281290 1185281300
1170632294 1170632304
1172970995 1172971005
1175778892 1175778902
1184035429 1184035439
1173158416 1173158426
1177307490 1177307500
1170203681 1170203691
1169816353 1169816363
1185149312 1185149322
1175407653 1175407663
1169896650 1169896660
1182811074 1182811084
1181769212 1181769222
1181049605 1181049615
1172322538 1172322548
1181697566 1181697576
1172588872 1172588882
1169305023 1169305033
1171214341 1171214351
1185256439 1185256449
1168232272 1168232282
1175420242 1175420252
1169819827 1169819837
1187721650 1187721660
1182371142 1182371152
1168344128 1168344138
1172243440 1172243450
1185798975 1185798985
1175681934 1175681944
1176422266 1176422276
1186598287 1186598297
1169010059 1169010069
1181281876 1181281886
1183120125 1183120135
1182724441 1182724451
1170080178 1170080188
1175768630 1175768640
1185690796 1185690806
1174454001 1174454011
1186049254 1186049264
1182291623 1182291633
1182874640 1182874650
1172471215 1172471225
1181659857 1181659867
1172373179 1172373189
1176982990 1176983000
1176484826 1176484836
1185286760 1185286770
1173825211 1173825221
1182325676 1182325686
1170833364 1170833374
1185889519 1185889529
1174092104 1174092114
1187534705 1187534715
1187390095 1187390105
1182819046 1182819056
1187324495 1187324505
1183173190 1183173200
1184210298 1184210308
1185464571 1185464581
1175654453 1175654463
1175481403 1175481413
1172447567 1172447577
1165580453 1165580463
1174616501 1174616511
1174791034 1174791044
1169630313 1169630323
1173687314 1173687324
1176876658 1176876668
1175329587 1175329597
1173720565 1173720575
1181256896 1181256906
1177140474 1177140484
1172966222 1172966232
1172634726 1172634736
1172919358 1172919368
1165580475 1165580485
1173394179 1173394189
1184047717 1184047727
1173659550 1173659560
1166456165 1166456175
1183050729 1183050739
1171985645 1171985655
1170348897 1170348907
1177760981 1177760991
1174180850 1174180860
1165667949 1165667959
1185278083 1185278093
1186448854 1186448864
1173704371 1173704381
1172890156 1172890166
1173819634 1173819644
1174010006 1174010016
1170680423 1170680433
1173966911 1173966921
1174541184 1174541194
1172248883 1172248893
1186658491 1186658501
1175745959 1175745969
1173668061 1173668071
1175309310 1175309320
1185274797 1185274807
1185452982 1185452992
1184598109 1184598119
1186357172 1186357182
1183267974 1183267984
1184918852 1184918862
1172471045 1172471055
1184983960 1184983970
1169694544 1169694554
1175789828 1175789838
1168982746 1168982756
1186653641 1186653651
1174122241 1174122251
1176915623 1176915633
1182751631 1182751641
1183247910 1183247920
1172497049 1172497059
1169643798 1169643808
1185284212 1185284222
1173475503 1173475513
1169686614 1169686624
1175213333 1175213343
1175851459 1175851469
1185847263 1185847273
1171050265 1171050275
1184751060 1184751070
1173250476 1173250486
1175870278 1175870288
1172529835 1172529845
1175790887 1175790897
1186009930 1186009940
1170608067 1170608077
1185276317 1185276327
1174080155 1174080165
1175405077 1175405087
1169686744 1169686754
1170764014 1170764024
1164773718 1164773728
1173526982 1173526992
1186741856 1186741866
1183147578 1183147588
1187599877 1187599887
1175817079 1175817089
1174038146 1174038156
1171817025 1171817035
1187098381 1187098391
1170299931 1170299941
1184784429 1184784439
1170969148 1170969158
1168309660 1168309670
1187212343 1187212353
1184652006 1184652016
1185460824 1185460834
1172881034 1172881044
1183022407 1183022417
1169288044 1169288054
1176974990 1176975000
1177016199 1177016209
1181503563 1181503573
1174572993 1174573003
1170104822 1170104832
1182698596 1182698606
1165987623 1165987633
1171595583 1171595593
1170288236 1170288246
1173485433 1173485443
1184680552 1184680562
1170928557 1170928567
1173793784 1173793794
1164686036 1164686046
1169217988 1169217998
1181200332 1181200342
1173520290 1173520300
1177005945 1177005955
1172472469 1172472479
1183189736 1183189746
1182800773 1182800783
1181705996 1181706006
1182711553 1182711563
1182879422 1182879432
1177850169 1177850179
1173283092 1173283102
1185289866 1185289876
1172216625 1172216635
1186164815 1186164825
1176959643 1176959653
1172480830 1172480840
1177126765 1177126775
1181628005 1181628015
1173757734 1173757744
1172237827 1172237837
1172485311 1172485321
1171080568 1171080578
1171959054 1171959064
1184036145 1184036155
1184589976 1184589986
1187501388 1187501398
1176485645 1176485655
1184618058 1184618068
1181480625 1181480635
1187431207 1187431217
1182220168 1182220178
1169958263 1169958273
1186094036 1186094046
1183278746 1183278756
1184551050 1184551060
1187213263 1187213273
1170308440 1170308450
1187412124 1187412134
1168233502 1168233512
1173685903 1173685913
1177035548 1177035558
1173665153 1173665163
1184961307 1184961317
1169722849 1169722859
1174496737 1174496747
1173673092 1173673102
1184795458 1184795468
1172222670 1172222680
1186029199 1186029209
1186919930 1186919940
1169708793 1169708803
1165485761 1165485771
1176319208 1176319218
1172486768 1172486778
1184886205 1184886215
1171478672 1171478682
1170413736 1170413746
1173739926 1173739936
1184852608 1184852618
1182693997 1182694007
1165728062 1165728072
1173793760 1173793770
1177148836 1177148846
1184540857 1184540867
1176199807 1176199817
1174413574 1174413584
1171334049 1171334059
1181811212 1181811222
1170648573 1170648583
1176247049 1176247059
1175407629 1175407639
1182701193 1182701203
1181326271 1181326281
1181124833 1181124843
1182428307 1182428317
1170228967 1170228977
1174373833 1174373843
1178122342 1178122352
1184873670 1184873680
1170107227 1170107237
1168252770 1168252780
1168659412 1168659422
1169270281 1169270291
1187640687 1187640697
1173439840 1173439850
1185666574 1185666584
1185670421 1185670431
1187024391 1187024401
1186007885 1186007895
1186753596 1186753606
1169094377 1169094387
1165580447 1165580457
1173105083 1173105093
1185934744 1185934754
1176892534 1176892544
1171267586 1171267596
1185706620 1185706630
1183220789 1183220799
1177668269 1177668279
1168660745 1168660755
1168668015 1168668025
1171069322 1171069332
1176527244 1176527254
1172196344 1172196354
1168921634 1168921644
1184045149 1184045159
1183189728 1183189738
1185941119 1185941129
1175326322 1175326332
1176853186 1176853196
1186028486 1186028496
1168666085 1168666095
1182466187 1182466197
1169877212 1169877222
1171214337 1171214347
1171720932 1171720942
1182728091 1182728101
1176936745 1176936755
1187426424 1187426434
1177087161 1177087171
1170499957 1170499967
1175577323 1175577333
1187212200 1187212210
1170354523 1170354533
1173993578 1173993588
1182401662 1182401672
1184033951 1184033961
1170597088 1170597098
1170250636 1170250646
1172452697 1172452707
1176984658 1176984668
1185367026 1185367036
1185706857 1185706867
1174220066 1174220076
1169214071 1169214081
1170000166 1170000176
1172634747 1172634757
1187435361 1187435371
1172272086 1172272096
1175207715 1175207725
1174505839 1174505849
1182538557 1182538567
1172324051 1172324061
1187313612 1187313622
1176342124 1176342134
1185185203 1185185213
1175853456 1175853466
1176549723 1176549733
1187432737 1187432747
1185349719 1185349729
1187554710 1187554720
1185790194 1185790204
1175719555 1175719565
1182466269 1182466279
1175698370 1175698380
1186587385 1186587395
1187524934 1187524944
1170964565 1170964575
1187622124 1187622134
1172667083 1172667093
1182865980 1182865990
1170744204 1170744214
1186662647 1186662657
1181784594 1181784604
1171495066 1171495076
1168883474 1168883484
1186149205 1186149215
1187269104 1187269114
1186104425 1186104435
1181647705 1181647715
1187037739 1187037749
1174408931 1174408941
1182471105 1182471115
1175841405 1175841415
1187400052 1187400062
1187092311 1187092321
1186462936 1186462946
1187015109 1187015119
1175239440 1175239450
1185260193 1185260203
1175689809 1175689819
1184520414 1184520424
1182389353 1182389363
1185594897 1185594907
1185362997 1185363007
1177306423 1177306433
1174457610 1174457620
1171474221 1171474231
1171239457 1171239467
1173238169 1173238179
1168270389 1168270399
1169572734 1169572744
1184154500 1184154510
1175031095 1175031105
1187598531 1187598541
1185987014 1185987024
1165068157 1165068167
1176171696 1176171706
1181769131 1181769141
1172594187 1172594197
1186413308 1186413318
1184950909 1184950919
1171229570 1171229580
1186049259 1186049269
1170580222 1170580232
1175997004 1175997014
1175425505 1175425515
1185200900 1185200910
1176961746 1176961756
1171462373 1171462383
1175871480 1175871490
1176370539 1176370549
1185768182 1185768192
1185989001 1185989011
1165587229 1165587239
1170932431 1170932441
1170714113 1170714123
1177855993 1177856003
1174795544 1174795554
1172202715 1172202725
1171464270 1171464280
1169641584 1169641594
1175889971 1175889981
1184547506 1184547516
1187385473 1187385483
1173440018 1173440028
1177740831 1177740841
1170984587 1170984597
1187568452 1187568462
1178116551 1178116561
1164780731 1164780741
1172398440 1172398450
1168988502 1168988512
1170884577 1170884587
1165166526 1165166536
1176622202 1176622212
1174457812 1174457822
1181851569 1181851579
1186726358 1186726368
1186527929 1186527939
1174559605 1174559615
1184507153 1184507163
1173825204 1173825214
1185257044 1185257054
1181813885 1181813895
1174413607 1174413617
1182427723 1182427733
1186354090 1186354100
1186112535 1186112545
1183292416 1183292426
1169808089 1169808099
1185278987 1185278997
1186315772 1186315782
1171018952 1171018962
1172450161 1172450171
1181056096 1181056106
1187212876 1187212886
1186173690 1186173700
1169023890 1169023900
1176638575 1176638585
1172496599 1172496609
1185205536 1185205546
1171548776 1171548786
1187592545 1187592555
1176799468 1176799478
1176970764 1176970774
1187004267 1187004277
1173829865 1173829875
1170157382 1170157392
1187571269 1187571279
1187682504 1187682514
1185293184 1185293194
1171612031 1171612041
1173097208 1173097218
1181555563 1181555573
1185270042 1185270052
1169304745 1169304755
1181188844 1181188854
1165373988 1165373998
1175469714 1175469724
1165994172 1165994182
1186029750 1186029760
1170296474 1170296484
1172893898 1172893908
1185185260 1185185270
1186496479 1186496489
1169652042 1169652052
1173885896 1173885906
1187166359 1187166369
1187098419 1187098429
1165730135 1165730145
1172112032 1172112042
1186935175 1186935185
1183191826 1183191836
1170623716 1170623726
1173296258 1173296268
1173768024 1173768034
1185526112 1185526122
1168661981 1168661991
1181326314 1181326324
1173457966 1173457976
1186448859 1186448869
1183123123 1183123133
1178231639 1178231649
1172172536 1172172546
1181300300 1181300310
1187610133 1187610143
1186105717 1186105727
1175890560 1175890570
1186929805 1186929815
1178154174 1178154184
1176461618 1176461628
1169834234 1169834244
1175861120 1175861130
1172992230 1172992240
1186455217 1186455227
1186706276 1186706286
1173263436 1173263446
1186712669 1186712679
1175744912 1175744922
1182427687 1182427697
1173797160 1173797170
1176773870 1176773880
1170967974 1170967984
1184808359 1184808369
1175577649 1175577659
1175296579 1175296589
1178206276 1178206286
1170648920 1170648930
1182247121 1182247131
1171883235 1171883245
1175146560 1175146570
1185836096 1185836106
1171428369 1171428379
1177080410 1177080420
1169216075 1169216085
1172325890 1172325900
1165620268 1165620278
1175160866 1175160876
1169021602 1169021612
1187336232 1187336242
1187576214 1187576224
1178163527 1178163537
1187324632 1187324642
1164737434 1164737444
1187390113 1187390123
1171520809 1171520819
1176995184 1176995194
1185274137 1185274147
1181965642 1181965652
1171889583 1171889593
1173720356 1173720366
1165769171 1165769181
1184937617 1184937627
1184897326 1184897336
1170936540 1170936550
1174096834 1174096844
1173495853 1173495863
1187185344 1187185354
1166336936 1166336946
1173075386 1173075396
1178148300 1178148310
1170388017 1170388027
1176820103 1176820113
1173477189 1173477199
1174240837 1174240847
1174950183 1174950193
1172456469 1172456479
1174355795 1174355805
1175338351 1175338361
1183033638 1183033648
1174713351 1174713361
1186648250 1186648260
1186592645 1186592655
1174881514 1174881524
1173152383 1173152393
1181556097 1181556107
1184897583 1184897593
1174409580 1174409590
1185992684 1185992694
1173789782 1173789792
1169581904 1169581914
1185449908 1185449918
1181823490 1181823500
1186557730 1186557740
1183335080 1183335090
1186127910 1186127920
1171720602 1171720612
1182437940 1182437950
1181532399 1181532409
1165580465 1165580475
1171462417 1171462427
1172430937 1172430947
1176678536 1176678546
1173732557 1173732567
1185092286 1185092296
1174257447 1174257457
1169887369 1169887379
1171814463 1171814473
1165669740 1165669750
1187266598 1187266608
1177981959 1177981969
1174946044 1174946054
1186592525 1186592535
1175781888 1175781898
1185942932 1185942942
1183120571 1183120581
1183357053 1183357063
1174947383 1174947393
1185591600 1185591610
1176477634 1176477644
1168306536 1168306546
1173761358 1173761368
1186882274 1186882284
1169087622 1169087632
1165768012 1165768022
1187329157 1187329167
1187649354 1187649364
1187683491 1187683501
1175882926 1175882936
1170413906 1170413916
1181985603 1181985613
1187494147 1187494157
1165386219 1165386229
1183160264 1183160274
1181326309 1181326319
1168663738 1168663748
1168662749 1168662759
1181971862 1181971872
1184691236 1184691246
1171789281 1171789291
1175314841 1175314851
1173273976 1173273986
1172909359 1172909369
1175200178 1175200188
1171109011 1171109021
1173515974 1173515984
1175026480 1175026490
1172563516 1172563526
1165671596 1165671606
1176915613 1176915623
1173109660 1173109670
1169044211 1169044221
1174927435 1174927445
1171282560 1171282570
1181275368 1181275378
1165461002 1165461012
1185277942 1185277952
1187182993 1187183003
1168272128 1168272138
1183201597 1183201607
1173475820 1173475830
1173096885 1173096895
1165071340 1165071350
1175595548 1175595558
1175407633 1175407643
1172970033 1172970043
1181446566 1181446576
1172967719 1172967729
1184497676 1184497686
1171557820 1171557830
1186887443 1186887453
1174487361 1174487371
1174619396 1174619406
1169507121 1169507131
1187157795 1187157805
1173727697 1173727707
1165461022 1165461032
1168982648 1168982658
1181912208 1181912218
1165994196 1165994206
1164719529 1164719539
1174998455 1174998465
1181578753 1181578763
1176425276 1176425286
1171681436 1171681446
1185349529 1185349539
1177295680 1177295690
1175239197 1175239207
1174668580 1174668590
1185681441 1185681451
1184886610 1184886620
1181487941 1181487951
1168937277 1168937287
1169094827 1169094837
1174992373 1174992383
1178232329 1178232339
1171416364 1171416374
