1174081180 1174081190
1170317871 1170317881
1187220274 1187220284
1175763937 1175763947
1184544130 1184544140
1186592127 1186592137
1186887455 1186887465
1172256002 1172256012
1164773321 1164773331
1169724451 1169724461
1168280408 1168280418
1174540915 1174540925
1171098840 1171098850
1172920270 1172920280
1186154428 1186154438
1187163352 1187163362
1177254578 1177254588
1173194268 1173194278
1171955961 1171955971
1171720238 1171720248
1173788440 1173788450
1171462396 1171462406
1182419286 1182419296
1177404791 1177404801
1173935510 1173935520
1176936740 1176936750
1174693441 1174693451
1177316789 1177316799
1186484366 1186484376
1185196176 1185196186
1185474269 1185474279
1174727344 1174727354
1171552539 1171552549
1176872488 1176872498
1169654616 1169654626
1184506958 1184506968
1168664945 1168664955
1175814211 1175814221
1178204050 1178204060
1176320086 1176320096
1169969349 1169969359
1170341536 1170341546
1171068748 1171068758
1181290691 1181290701
1187163348 1187163358
1175893594 1175893604
1170622418 1170622428
1185357156 1185357166
1175213434 1175213444
1170497572 1170497582
1184675052 1184675062
1175334112 1175334122
1169794161 1169794171
1171773455 1171773465
1172041383 1172041393
1170348867 1170348877
1174772293 1174772303
1186919935 1186919945
1181660229 1181660239
1187436654 1187436664
1181330727 1181330737
1186990469 1186990479
1173748850 1173748860
1174644247 1174644257
1181244557 1181244567
1169631780 1169631790
1175407412 1175407422
1171571534 1171571544
1171298993 1171299003
1183036153 1183036163
1176636281 1176636291
1185264186 1185264196
1169833822 1169833832
1184620937 1184620947
1184808681 1184808691
1181254542 1181254552
1187541677 1187541687
1171069349 1171069359
1170788262 1170788272
1176315133 1176315143
1168658040 1168658050
1174216827 1174216837
1171694376 1171694386
1173613547 1173613557
1187220260 1187220270
1168273420 1168273430
1171914634 1171914644
1175466464 1175466474
1174822389 1174822399
1181541533 1181541543
1185190119 1185190129
1184621983 1184621993
1181844734 1181844744
1173229820 1173229830
1178281465 1178281475
1168304233 1168304243
1176893202 1176893212
1187377477 1187377487
1175781207 1175781217
1185275988 1185275998
1184972640 1184972650
1165071417 1165071427
1174407689 1174407699
1170764335 1170764345
1185770396 1185770406
1186233320 1186233330
1184744315 1184744325
1172632545 1172632555
1165454956 1165454966
1176433000 1176433010
1187251110 1187251120
1175003220 1175003230
1170067537 1170067547
1170900671 1170900681
1177244212 1177244222
1171761032 1171761042
1170679514 1170679524
1187230768 1187230778
1183178485 1183178495
1186719660 1186719670
1172970794 1172970804
1173236122 1173236132
1165994204 1165994214
1181876824 1181876834
1168280596 1168280606
1184961286 1184961296
1174568151 1174568161
1175015660 1175015670
1168971856 1168971866
1174094791 1174094801
1169803696 1169803706
1181363938 1181363948
1172089175 1172089185
1174488894 1174488904
1170231663 1170231673
1184184461 1184184471
1187560711 1187560721
1169544726 1169544736
1176823559 1176823569
1169299377 1169299387
1168252964 1168252974
1172277069 1172277079
1165563334 1165563344
1187150350 1187150360
1174738678 1174738688
1181544604 1181544614
1171269312 1171269322
1181338450 1181338460
1171396014 1171396024
1171718034 1171718044
1171057528 1171057538
1171293739 1171293749
1172184420 1172184430
1185271974 1185271984
1165483663 1165483673
1186392036 1186392046
1175141618 1175141628
1183141234 1183141244
1181875566 1181875576
1171005996 1171006006
1165994185 1165994195
1170326077 1170326087
1173262736 1173262746
1168498927 1168498937
1182341186 1182341196
1185767509 1185767519
1174487454 1174487464
1185810715 1185810725
1182893994 1182894004
1186379192 1186379202
1170233297 1170233307
1186814077 1186814087
1176482745 1176482755
1186072831 1186072841
1173785747 1173785757
1176728140 1176728150
1186105420 1186105430
1174885586 1174885596
1169087634 1169087644
1175305831 1175305841
1186543768 1186543778
1170613370 1170613380
1168661741 1168661751
1174030728 1174030738
1169557112 1169557122
1171462446 1171462456
1187389432 1187389442
1186112175 1186112185
1174573373 1174573383
1174820658 1174820668
1169960601 1169960611
1171548262 1171548272
1185263241 1185263251
1170167763 1170167773
1176337257 1176337267
1184042221 1184042231
1174519706 1174519716
1170220457 1170220467
1187527894 1187527904
1170093115 1170093125
1175670210 1175670220
1169794148 1169794158
1185507731 1185507741
1185987009 1185987019
1165896999 1165897009
1174499664 1174499674
1172966661 1172966671
1176236512 1176236522
1172629665 1172629675
1184050989 1184050999
1183354905 1183354915
1173988004 1173988014
1176901556 1176901566
1172966652 1172966662
1181577952 1181577962
1172967005 1172967015
1169210889 1169210899
1172200119 1172200129
1176022978 1176022988
1172260272 1172260282
1187598881 1187598891
1186883618 1186883628
1174697941 1174697951
1182399806 1182399816
1165589845 1165589855
1176363289 1176363299
1186105616 1186105626
1176864751 1176864761
1187222634 1187222644
1173662778 1173662788
1176181670 1176181680
1181677653 1181677663
1165532836 1165532846
1171295289 1171295299
1177850151 1177850161
1170923886 1170923896
1174647995 1174648005
1172194653 1172194663
1177439217 1177439227
1181671495 1181671505
1174496880 1174496890
1186891170 1186891180
1182543526 1182543536
1185540279 1185540289
1172847460 1172847470
1187619050 1187619060
1170089753 1170089763
1182308549 1182308559
1185389802 1185389812
1175990906 1175990916
1172820859 1172820869
1166339060 1166339070
1170072976 1170072986
1165069805 1165069815
1184039082 1184039092
1187135368 1187135378
1185520266 1185520276
1172592866 1172592876
1184950847 1184950857
1182957063 1182957073
1187399985 1187399995
1173528101 1173528111
1169055312 1169055322
1182808780 1182808790
1169048482 1169048492
1170958929 1170958939
1182670113 1182670123
1176250224 1176250234
1176434359 1176434369
1187400066 1187400076
1186215558 1186215568
1185682492 1185682502
1181851818 1181851828
1176401118 1176401128
1184103571 1184103581
1184620262 1184620272
1186662679 1186662689
1185432407 1185432417
1173825161 1173825171
1184504306 1184504316
1165407877 1165407887
1183291621 1183291631
1171326636 1171326646
1184951013 1184951023
1169513719 1169513729
1186656174 1186656184
1187384538 1187384548
1182718845 1182718855
1173860799 1173860809
1187639877 1187639887
1165566943 1165566953
1186371119 1186371129
1173288196 1173288206
1177316797 1177316807
1170770885 1170770895
1165579339 1165579349
1176698728 1176698738
1184858802 1184858812
1165562379 1165562389
1171041737 1171041747
1187307649 1187307659
1169873597 1169873607
1172642721 1172642731
1171110052 1171110062
1168661950 1168661960
1173438110 1173438120
1177258186 1177258196
1186540037 1186540047
1187333818 1187333828
1176550075 1176550085
1170678284 1170678294
1186960557 1186960567
1187644257 1187644267
1173834731 1173834741
1172168904 1172168914
1175594492 1175594502
1186546443 1186546453
1181675928 1181675938
1171672768 1171672778
1170611622 1170611632
1185390798 1185390808
1175109466 1175109476
1175029441 1175029451
1174059789 1174059799
1177417518 1177417528
1183351445 1183351455
1183259743 1183259753
1172260064 1172260074
1169216372 1169216382
1172387029 1172387039
1178179584 1178179594
1182436820 1182436830
1177666166 1177666176
1187639413 1187639423
1168273354 1168273364
1187485055 1187485065
1181002480 1181002490
1181180812 1181180822
1168830659 1168830669
1174204719 1174204729
1185247204 1185247214
1184620942 1184620952
1173355368 1173355378
1186327040 1186327050
1183226420 1183226430
1171113064 1171113074
1173780880 1173780890
1186383878 1186383888
1176237540 1176237550
1175866027 1175866037
1184675804 1184675814
1170731172 1170731182
1182398386 1182398396
1175473894 1175473904
1175870686 1175870696
1182236055 1182236065
1185545052 1185545062
1172699767 1172699777
1181258556 1181258566
1182250873 1182250883
1185289749 1185289759
1187338948 1187338958
1177295341 1177295351
1175856139 1175856149
1182892675 1182892685
1176464427 1176464437
1183206181 1183206191
1177041330 1177041340
1175745971 1175745981
1183248411 1183248421
1171100037 1171100047
1170353045 1170353055
1186557362 1186557372
1177797186 1177797196
1186160207 1186160217
1175241030 1175241040
1184741716 1184741726
1183228834 1183228844
1165778715 1165778725
1182795434 1182795444
1175389511 1175389521
1171467615 1171467625
1174634444 1174634454
1177094664 1177094674
1174408977 1174408987
1169053630 1169053640
1174496748 1174496758
1173797936 1173797946
1176631194 1176631204
1173824537 1173824547
1169216524 1169216534
1185350701 1185350711
1182326119 1182326129
1174408993 1174409003
1171004414 1171004424
1173178693 1173178703
1177001914 1177001924
1172880324 1172880334
1172704472 1172704482
1171254944 1171254954
1184040541 1184040551
1173791355 1173791365
1175145139 1175145149
1183105894 1183105904
1182341603 1182341613
1186804857 1186804867
1166363869 1166363879
1183112349 1183112359
1173708940 1173708950
1165671448 1165671458
1172104506 1172104516
1164686473 1164686483
1176824825 1176824835
1187369729 1187369739
1186489301 1186489311
1168866409 1168866419
1174499648 1174499658
1175014994 1175015004
1174434233 1174434243
1181002404 1181002414
1186967141 1186967151
1175075289 1175075299
1181330736 1181330746
1174726282 1174726292
1182221996 1182222006
1170717220 1170717230
1187654473 1187654483
1183171986 1183171996
1183179787 1183179797
1171253120 1171253130
1169505055 1169505065
1174793532 1174793542
1170745289 1170745299
1173670328 1173670338
1182967471 1182967481
1172668554 1172668564
1171278852 1171278862
1187527646 1187527656
1182721850 1182721860
1170867187 1170867197
1171627722 1171627732
1183251662 1183251672
1186158595 1186158605
1187595680 1187595690
1182347449 1182347459
1171031184 1171031194
1182873015 1182873025
1185282619 1185282629
1184618030 1184618040
1175105820 1175105830
1174271075 1174271085
1169069702 1169069712
1171955006 1171955016
1181851575 1181851585
1175277775 1175277785
1175725616 1175725626
1181132115 1181132125
1164772204 1164772214
1172556605 1172556615
1178147306 1178147316
1176334028 1176334038
1172988735 1172988745
1182357087 1182357097
1183043576 1183043586
1173499887 1173499897
1178224816 1178224826
1166336919 1166336929
1175861130 1175861140
1185512063 1185512073
1170220832 1170220842
1181532195 1181532205
1171658345 1171658355
1182254637 1182254647
1182840193 1182840203
1186577240 1186577250
1174583601 1174583611
1185247190 1185247200
1173157975 1173157985
1176317639 1176317649
1186319959 1186319969
1169073945 1169073955
1185284045 1185284055
1177133803 1177133813
1186706271 1186706281
1176724474 1176724484
1177532558 1177532568
1170321885 1170321895
1177282562 1177282572
1171559196 1171559206
1174744189 1174744199
1181920364 1181920374
1165071412 1165071422
1174433541 1174433551
1172430898 1172430908
1172305731 1172305741
1176708772 1176708782
1171930418 1171930428
1168655227 1168655237
1186569940 1186569950
1185249586 1185249596
1181483094 1181483104
1165122549 1165122559
1187412118 1187412128
1170835971 1170835981
1175851686 1175851696
1176727754 1176727764
1175011973 1175011983
1187331373 1187331383
1171351393 1171351403
1168694055 1168694065
1176307009 1176307019
1174692563 1174692573
1171408923 1171408933
1183291021 1183291031
1175463095 1175463105
1182939834 1182939844
1169960835 1169960845
1176814559 1176814569
1182910758 1182910768
1186833828 1186833838
1187541734 1187541744
1174052842 1174052852
1173833691 1173833701
1186369694 1186369704
1187722140 1187722150
1174023994 1174024004
1171273719 1171273729
1187709172 1187709182
1182408093 1182408103
1176911787 1176911797
1165581490 1165581500
1171592590 1171592600
1187613266 1187613276
1186687779 1186687789
1169621996 1169622006
1183189716 1183189726
1174941475 1174941485
1171063223 1171063233
1165161302 1165161312
1171674948 1171674958
1169626328 1169626338
1171384743 1171384753
1169628456 1169628466
1184936586 1184936596
1182748620 1182748630
1173258364 1173258374
1174898973 1174898983
1173886859 1173886869
1187084352 1187084362
1175239423 1175239433
1186775244 1186775254
1171780985 1171780995
1184939017 1184939027
1181628760 1181628770
1170640898 1170640908
1187562253 1187562263
1183244756 1183244766
1186302514 1186302524
1165975688 1165975698
1184184531 1184184541
1182500468 1182500478
1186918427 1186918437
1183344945 1183344955
1186021554 1186021564
1187332042 1187332052
1170801130 1170801140
1169559970 1169559980
1173667406 1173667416
1182001197 1182001207
1173612690 1173612700
1185385343 1185385353
1175240064 1175240074
1181209587 1181209597
1185946834 1185946844
1185972433 1185972443
1174900332 1174900342
1172071361 1172071371
1185289753 1185289763
1187591437 1187591447
1181293420 1181293430
1172218829 1172218839
1182223467 1182223477
1185254059 1185254069
1174682685 1174682695
1186299675 1186299685
1181189003 1181189013
1173817475 1173817485
1174986606 1174986616
1176047691 1176047701
1176018712 1176018722
1170299762 1170299772
1185976842 1185976852
1171716780 1171716790
1175717829 1175717839
1172926679 1172926689
1169680093 1169680103
1170597083 1170597093
1169021485 1169021495
1184950852 1184950862
1187529251 1187529261
1186998610 1186998620
1165068463 1165068473
1172257064 1172257074
1173665167 1173665177
1174899497 1174899507
1169826513 1169826523
1166427547 1166427557
1184951065 1184951075
1185859432 1185859442
1165461016 1165461026
1176991970 1176991980
1182365392 1182365402
1168273962 1168273972
1187293366 1187293376
1182447554 1182447564
1172310224 1172310234
1174127250 1174127260
1169304974 1169304984
1183092099 1183092109
1171662602 1171662612
1185348610 1185348620
1186228255 1186228265
1181048765 1181048775
1174582688 1174582698
1182000186 1182000196
1169783763 1169783773
1171770728 1171770738
1173220479 1173220489
1176939690 1176939700
1168666522 1168666532
1185148656 1185148666
1184939043 1184939053
1170504447 1170504457
1182249189 1182249199
1177739534 1177739544
1171563496 1171563506
1172970983 1172970993
1176855102 1176855112
1172206778 1172206788
1171804316 1171804326
1171721893 1171721903
1175148137 1175148147
1184697136 1184697146
1172058670 1172058680
1187725402 1187725412
1187430750 1187430760
1183251675 1183251685
1170796687 1170796697
1170892164 1170892174
1183236986 1183236996
1174669668 1174669678
1171552245 1171552255
1169213215 1169213225
1176636900 1176636910
1176018752 1176018762
1170317852 1170317862
1173693407 1173693417
1169641210 1169641220
1181985429 1181985439
1174899502 1174899512
1181544135 1181544145
1185987004 1185987014
1172317505 1172317515
1170731164 1170731174
1173247981 1173247991
1168664026 1168664036
1172699748 1172699758
1184940787 1184940797
1184887188 1184887198
1184506803 1184506813
1170744926 1170744936
1164778244 1164778254
1184520402 1184520412
1185382934 1185382944
1168694769 1168694779
1171018572 1171018582
1164789355 1164789365
1176974535 1176974545
1165827331 1165827341
1173974489 1173974499
