1164686021 1164686061
1164686458 1164686498
1164715184 1164715224
1164719514 1164719554
1164720286 1164720326
1164737419 1164737459
1164739626 1164739666
1164770945 1164770985
1164772189 1164772229
1164773306 1164773346
1164773703 1164773743
1164778229 1164778269
1164778409 1164778449
1164780716 1164780756
1164789340 1164789380
1165068142 1165068182
1165068448 1165068488
1165069790 1165069830
1165071325 1165071365
1165071397 1165071437
1165071402 1165071442
1165116738 1165116778
1165122534 1165122574
1165142870 1165142910
1165160723 1165160763
1165161287 1165161327
1165166511 1165166551
1165373973 1165374013
1165386204 1165386244
1165405233 1165405273
1165407862 1165407902
1165454941 1165454981
1165460987 1165461027
1165461001 1165461041
1165461007 1165461047
1165461021 1165461061
1165461304 1165461344
1165483291 1165483331
1165483648 1165483688
1165485746 1165485786
1165532821 1165532861
1165562364 1165562404
1165563319 1165563359
1165566928 1165566968
1165579324 1165579364
1165580426 1165580466
1165580432 1165580472
1165580438 1165580478
1165580450 1165580490
1165580460 1165580500
1165581475 1165581515
1165584417 1165584457
1165584854 1165584894
1165587214 1165587254
1165589830 1165589870
1165589942 1165589982
1165590679 1165590719
1165620253 1165620293
1165621587 1165621627
1165667934 1165667974
1165669725 1165669765
1165671433 1165671473
1165671581 1165671621
1165703991 1165704031
1165704563 1165704603
1165728047 1165728087
1165730120 1165730160
1165767997 1165768037
1165769156 1165769196
1165776742 1165776782
1165778700 1165778740
1165827316 1165827356
1165896984 1165897024
1165901024 1165901064
1165914428 1165914468
1165965989 1165966029
1165975673 1165975713
1165976386 1165976426
1165987608 1165987648
1165994157 1165994197
1165994170 1165994210
1165994181 1165994221
1165994189 1165994229
1166336053 1166336093
1166336904 1166336944
1166336921 1166336961
1166339045 1166339085
1166342198 1166342238
1166363854 1166363894
1166387919 1166387959
1166394416 1166394456
1166427532 1166427572
1166456150 1166456190
1166481347 1166481387
1168132717 1168132757
1168221215 1168221255
1168232257 1168232297
1168233487 1168233527
1168250160 1168250200
1168252755 1168252795
1168252949 1168252989
1168270374 1168270414
1168272113 1168272153
1168272540 1168272580
1168273339 1168273379
1168273405 1168273445
1168273417 1168273457
1168273947 1168273987
1168278104 1168278144
1168280393 1168280433
1168280581 1168280621
1168304218 1168304258
1168306521 1168306561
1168309645 1168309685
1168315077 1168315117
1168334218 1168334258
1168344113 1168344153
1168348799 1168348839
1168348953 1168348993
1168352633 1168352673
1168494055 1168494095
1168498912 1168498952
1168655212 1168655252
1168658025 1168658065
1168659397 1168659437
1168660730 1168660770
1168661726 1168661766
1168661923 1168661963
1168661935 1168661975
1168661966 1168662006
1168662168 1168662208
1168662734 1168662774
1168663723 1168663763
1168663978 1168664018
1168664011 1168664051
1168664930 1168664970
1168666070 1168666110
1168666507 1168666547
1168667927 1168667967
1168668000 1168668040
1168668551 1168668591
1168693976 1168694016
1168694040 1168694080
1168694754 1168694794
1168830644 1168830684
1168865403 1168865443
1168866394 1168866434
1168869368 1168869408
1168883459 1168883499
1168921619 1168921659
1168933348 1168933388
1168937262 1168937302
1168971841 1168971881
1168978259 1168978299
1168981758 1168981798
1168982633 1168982673
1168982731 1168982771
1168988487 1168988527
1169010044 1169010084
1169021462 1169021502
1169021470 1169021510
1169021571 1169021611
1169021587 1169021627
1169023852 1169023892
1169023864 1169023904
1169023875 1169023915
1169039079 1169039119
1169044196 1169044236
1169048467 1169048507
1169049038 1169049078
1169053615 1169053655
1169055297 1169055337
1169069687 1169069727
1169073930 1169073970
1169087607 1169087647
1169087619 1169087659
1169094362 1169094402
1169094812 1169094852
1169210874 1169210914
1169213200 1169213240
1169214056 1169214096
1169214755 1169214795
1169216060 1169216100
1169216357 1169216397
1169216369 1169216409
1169216503 1169216543
1169216509 1169216549
1169217328 1169217368
1169217973 1169218013
1169263754 1169263794
1169269872 1169269912
1169270266 1169270306
1169288029 1169288069
1169299362 1169299402
1169304730 1169304770
1169304959 1169304999
1169305008 1169305048
1169505040 1169505080
1169507106 1169507146
1169510180 1169510220
1169513704 1169513744
1169531812 1169531852
1169544711 1169544751
1169557097 1169557137
1169559799 1169559839
1169559955 1169559995
1169572719 1169572759
1169581889 1169581929
1169615404 1169615444
1169621981 1169622021
1169626313 1169626353
1169628441 1169628481
1169630298 1169630338
1169631765 1169631805
1169640063 1169640103
1169641195 1169641235
1169641569 1169641609
1169643783 1169643823
1169652027 1169652067
1169653697 1169653737
1169654601 1169654641
1169680078 1169680118
1169686599 1169686639
1169686729 1169686769
1169694529 1169694569
1169708778 1169708818
1169709581 1169709621
1169709660 1169709700
1169710189 1169710229
1169714761 1169714801
1169719258 1169719298
1169722834 1169722874
1169724436 1169724476
1169726677 1169726717
1169727718 1169727758
1169783748 1169783788
1169792464 1169792504
1169794133 1169794173
1169794146 1169794186
1169803681 1169803721
1169808074 1169808114
1169816338 1169816378
1169819812 1169819852
1169826498 1169826538
1169827852 1169827892
1169833807 1169833847
1169834219 1169834259
1169846791 1169846831
1169855646 1169855686
1169855857 1169855897
1169873582 1169873622
1169877197 1169877237
1169887354 1169887394
1169896635 1169896675
1169958248 1169958288
1169960586 1169960626
1169960820 1169960860
1169969334 1169969374
1169987233 1169987273
1169990750 1169990790
1169997748 1169997788
1170000151 1170000191
1170067522 1170067562
1170072961 1170073001
1170075228 1170075268
1170080163 1170080203
1170089738 1170089778
1170093100 1170093140
1170101019 1170101059
1170104807 1170104847
1170107212 1170107252
1170143559 1170143599
1170157367 1170157407
1170164587 1170164627
1170166309 1170166349
1170167748 1170167788
1170167901 1170167941
1170203666 1170203706
1170206606 1170206646
1170208489 1170208529
1170220442 1170220482
1170220817 1170220857
1170228952 1170228992
1170231648 1170231688
1170233282 1170233322
1170234317 1170234357
1170250621 1170250661
1170286981 1170287021
1170288221 1170288261
1170296459 1170296499
1170299747 1170299787
1170299916 1170299956
1170300589 1170300629
1170308425 1170308465
1170317492 1170317532
1170317789 1170317829
1170317837 1170317877
1170317856 1170317896
1170321870 1170321910
1170325905 1170325945
1170326062 1170326102
1170341521 1170341561
1170347639 1170347679
1170348852 1170348892
1170348882 1170348922
1170352352 1170352392
1170353030 1170353070
1170354508 1170354548
1170370057 1170370097
1170370063 1170370103
1170388002 1170388042
1170411349 1170411389
1170413721 1170413761
1170413891 1170413931
1170426790 1170426830
1170472872 1170472912
1170497557 1170497597
1170499942 1170499982
1170504432 1170504472
1170510473 1170510513
1170580207 1170580247
1170585563 1170585603
1170597068 1170597108
1170597073 1170597113
1170608052 1170608092
1170610938 1170610978
1170611607 1170611647
1170613355 1170613395
1170622403 1170622443
1170623701 1170623741
1170630263 1170630303
1170632279 1170632319
1170638417 1170638457
1170640575 1170640615
1170640883 1170640923
1170648558 1170648598
1170648905 1170648945
1170660760 1170660800
1170670262 1170670302
1170678269 1170678309
1170679250 1170679290
1170679499 1170679539
1170679510 1170679550
1170680408 1170680448
1170695288 1170695328
1170709376 1170709416
1170714098 1170714138
1170717205 1170717245
1170718075 1170718115
1170731149 1170731189
1170731157 1170731197
1170743760 1170743800
1170744189 1170744229
1170744911 1170744951
1170745274 1170745314
1170763999 1170764039
1170764320 1170764360
1170770870 1170770910
1170788247 1170788287
1170796672 1170796712
1170801115 1170801155
1170833349 1170833389
1170835956 1170835996
1170867172 1170867212
1170867754 1170867794
1170870637 1170870677
1170879783 1170879823
1170883341 1170883381
1170884562 1170884602
1170892149 1170892189
1170900656 1170900696
1170923871 1170923911
1170928131 1170928171
1170928542 1170928582
1170932416 1170932456
1170936525 1170936565
1170936752 1170936792
1170958914 1170958954
1170964550 1170964590
1170967489 1170967529
1170967959 1170967999
1170968975 1170969015
1170969133 1170969173
1170984572 1170984612
1171004399 1171004439
1171005981 1171006021
1171018557 1171018597
1171018937 1171018977
1171024270 1171024310
1171031169 1171031209
1171037045 1171037085
1171039036 1171039076
1171041439 1171041479
1171041722 1171041762
1171050250 1171050290
1171057513 1171057553
1171063208 1171063248
1171068733 1171068773
1171069307 1171069347
1171069334 1171069374
1171080553 1171080593
1171087590 1171087630
1171097302 1171097342
1171098825 1171098865
1171100022 1171100062
1171108996 1171109036
1171110037 1171110077
1171113049 1171113089
1171214322 1171214362
1171214326 1171214366
1171224743 1171224783
1171229555 1171229595
1171231031 1171231071
1171233651 1171233691
1171239442 1171239482
1171253105 1171253145
1171254929 1171254969
1171267571 1171267611
1171269297 1171269337
1171273704 1171273744
1171278837 1171278877
1171279345 1171279385
1171282545 1171282585
1171293724 1171293764
1171295274 1171295314
1171298978 1171299018
1171326621 1171326661
1171334034 1171334074
1171351378 1171351418
1171353975 1171354015
1171362205 1171362245
1171384728 1171384768
1171394900 1171394940
1171395999 1171396039
1171404376 1171404416
1171406520 1171406560
1171406543 1171406583
1171408908 1171408948
1171409067 1171409107
1171416349 1171416389
1171428354 1171428394
1171462358 1171462398
1171462381 1171462421
1171462402 1171462442
1171462413 1171462453
1171462431 1171462471
1171462452 1171462492
1171464255 1171464295
1171464495 1171464535
1171467600 1171467640
1171474206 1171474246
1171478657 1171478697
1171481394 1171481434
1171481401 1171481441
1171486531 1171486571
1171495051 1171495091
1171520794 1171520834
1171522758 1171522798
1171546725 1171546765
1171548247 1171548287
1171548761 1171548801
1171552230 1171552270
1171552280 1171552320
1171552524 1171552564
1171557805 1171557845
1171559181 1171559221
1171560899 1171560939
1171561846 1171561886
1171563481 1171563521
1171563496 1171563536
1171571519 1171571559
1171579070 1171579110
1171592575 1171592615
1171595568 1171595608
1171612016 1171612056
1171612745 1171612785
1171627707 1171627747
1171658330 1171658370
1171662587 1171662627
1171672753 1171672793
1171674933 1171674973
1171681383 1171681423
1171681421 1171681461
1171694361 1171694401
1171703363 1171703403
1171715542 1171715582
1171716765 1171716805
1171718019 1171718059
1171720223 1171720263
1171720587 1171720627
1171720917 1171720957
1171721878 1171721918
1171755725 1171755765
1171761017 1171761057
1171762042 1171762082
1171770713 1171770753
1171771917 1171771957
1171773440 1171773480
1171780970 1171781010
1171789266 1171789306
1171789336 1171789376
1171804301 1171804341
1171813685 1171813725
1171814448 1171814488
1171817010 1171817050
1171879386 1171879426
1171883220 1171883260
1171887549 1171887589
1171889568 1171889608
1171899759 1171899799
1171914619 1171914659
1171927296 1171927336
1171930403 1171930443
1171947001 1171947041
1171950350 1171950390
1171951124 1171951164
1171954991 1171955031
1171955946 1171955986
1171959039 1171959079
1171985630 1171985670
1172041353 1172041393
1172041368 1172041408
1172041401 1172041441
1172058655 1172058695
1172071346 1172071386
1172080876 1172080916
1172089160 1172089200
1172104491 1172104531
1172112017 1172112057
1172113346 1172113386
1172133786 1172133826
1172146107 1172146147
1172168889 1172168929
1172172521 1172172561
1172178579 1172178619
1172179923 1172179963
1172184405 1172184445
1172194281 1172194321
1172194638 1172194678
1172196329 1172196369
1172200104 1172200144
1172202700 1172202740
1172202730 1172202770
1172202736 1172202776
1172206763 1172206803
1172216610 1172216650
1172218814 1172218854
1172222655 1172222695
1172237812 1172237852
1172243425 1172243465
1172248868 1172248908
1172255987 1172256027
1172257049 1172257089
1172257656 1172257696
1172257785 1172257825
1172260049 1172260089
1172260257 1172260297
1172272071 1172272111
1172277054 1172277094
1172305716 1172305756
1172310209 1172310249
1172317490 1172317530
1172322188 1172322228
1172322523 1172322563
1172324036 1172324076
1172325875 1172325915
1172373164 1172373204
1172373671 1172373711
1172387014 1172387054
1172398425 1172398465
1172410773 1172410813
1172430843 1172430883
1172430883 1172430923
1172430922 1172430962
1172447552 1172447592
1172450146 1172450186
1172452682 1172452722
1172456367 1172456407
1172456454 1172456494
1172471030 1172471070
1172471200 1172471240
1172472454 1172472494
1172479682 1172479722
1172480815 1172480855
1172484468 1172484508
1172485296 1172485336
1172486753 1172486793
1172486760 1172486800
1172488900 1172488940
1172496584 1172496624
1172496591 1172496631
1172497034 1172497074
1172529820 1172529860
1172554239 1172554279
1172556590 1172556630
1172563501 1172563541
1172586711 1172586751
1172588857 1172588897
1172592851 1172592891
1172594172 1172594212
1172629650 1172629690
1172632530 1172632570
1172634711 1172634751
1172634732 1172634772
1172642706 1172642746
1172663846 1172663886
1172665416 1172665456
1172667068 1172667108
1172668051 1172668091
1172668539 1172668579
1172671541 1172671581
1172682265 1172682305
1172699733 1172699773
1172699752 1172699792
1172701284 1172701324
1172704457 1172704497
1172720954 1172720994
1172723465 1172723505
1172805598 1172805638
1172820844 1172820884
1172843868 1172843908
1172846082 1172846122
1172847445 1172847485
1172880309 1172880349
1172881019 1172881059
1172890141 1172890181
1172893883 1172893923
1172909344 1172909384
1172919343 1172919383
1172920255 1172920295
1172921379 1172921419
1172926664 1172926704
1172966201 1172966241
1172966207 1172966247
1172966212 1172966252
1172966217 1172966257
1172966637 1172966677
1172966646 1172966686
1172966990 1172967030
1172967704 1172967744
1172970018 1172970058
1172970779 1172970819
1172970968 1172971008
1172970980 1172971020
1172988720 1172988760
1172992215 1172992255
1173063635 1173063675
1173075371 1173075411
1173077221 1173077261
1173080726 1173080766
1173095043 1173095083
1173096870 1173096910
1173097193 1173097233
1173097310 1173097350
1173105068 1173105108
1173109159 1173109199
1173109645 1173109685
1173112593 1173112633
1173152368 1173152408
1173157960 1173158000
1173158401 1173158441
1173178678 1173178718
1173194253 1173194293
1173198995 1173199035
1173220464 1173220504
1173229805 1173229845
1173236107 1173236147
1173238154 1173238194
1173247966 1173248006
1173250461 1173250501
1173256349 1173256389
1173258349 1173258389
1173262721 1173262761
1173263421 1173263461
1173273961 1173274001
1173283077 1173283117
1173283639 1173283679
1173287577 1173287617
1173288181 1173288221
1173289161 1173289201
1173296243 1173296283
1173351906 1173351946
1173355146 1173355186
1173355353 1173355393
1173394164 1173394204
1173408674 1173408714
1173424227 1173424267
1173426137 1173426177
1173435845 1173435885
1173435928 1173435968
1173438095 1173438135
1173439825 1173439865
1173440003 1173440043
1173457951 1173457991
1173473744 1173473784
1173475488 1173475528
1173475805 1173475845
1173477174 1173477214
1173485418 1173485458
1173495838 1173495878
1173499872 1173499912
1173499876 1173499916
1173505871 1173505911
1173515959 1173515999
1173520275 1173520315
1173526967 1173527007
1173528086 1173528126
1173612675 1173612715
1173613532 1173613572
1173652414 1173652454
1173659535 1173659575
1173662763 1173662803
1173665138 1173665178
1173665152 1173665192
1173665987 1173666027
1173667391 1173667431
1173668046 1173668086
1173670313 1173670353
1173673077 1173673117
1173685888 1173685928
1173687299 1173687339
1173693392 1173693432
1173701652 1173701692
1173703822 1173703862
1173704356 1173704396
1173708925 1173708965
1173720341 1173720381
1173720550 1173720590
1173727682 1173727722
1173730652 1173730692
1173732542 1173732582
1173739911 1173739951
1173748835 1173748875
1173757719 1173757759
1173761343 1173761383
1173768009 1173768049
1173780865 1173780905
1173785732 1173785772
1173788425 1173788465
1173789767 1173789807
1173791340 1173791380
1173793745 1173793785
1173793769 1173793809
1173796521 1173796561
1173797145 1173797185
1173797921 1173797961
1173816947 1173816987
1173817460 1173817500
1173819619 1173819659
1173824522 1173824562
1173825146 1173825186
1173825189 1173825229
1173825196 1173825236
1173829850 1173829890
1173833676 1173833716
1173834716 1173834756
1173856482 1173856522
1173860784 1173860824
1173885881 1173885921
1173885889 1173885929
1173886844 1173886884
1173888731 1173888771
1173935495 1173935535
1173941024 1173941064
1173945064 1173945104
1173953488 1173953528
1173966896 1173966936
1173971008 1173971048
1173974474 1173974514
1173987989 1173988029
1173993563 1173993603
1174009991 1174010031
1174021454 1174021494
1174023979 1174024019
1174030713 1174030753
1174038131 1174038171
1174052827 1174052867
1174059774 1174059814
1174080140 1174080180
1174080705 1174080745
1174081165 1174081205
1174086334 1174086374
1174088825 1174088865
1174092089 1174092129
1174094776 1174094816
1174096819 1174096859
1174101199 1174101239
1174122226 1174122266
1174127235 1174127275
1174180739 1174180779
1174180835 1174180875
1174204704 1174204744
1174210924 1174210964
1174212538 1174212578
1174216812 1174216852
1174217427 1174217467
1174220051 1174220091
1174232980 1174233020
1174235038 1174235078
1174240772 1174240812
1174240822 1174240862
1174257432 1174257472
1174271060 1174271100
1174355780 1174355820
1174363825 1174363865
1174373818 1174373858
1174378648 1174378688
1174402780 1174402820
1174407674 1174407714
1174408916 1174408956
1174408962 1174409002
1174408978 1174409018
1174409565 1174409605
1174409642 1174409682
1174413559 1174413599
1174413592 1174413632
1174420263 1174420303
1174433518 1174433558
1174433526 1174433566
1174434218 1174434258
1174453986 1174454026
1174455328 1174455368
1174457582 1174457622
1174457595 1174457635
1174457797 1174457837
1174483818 1174483858
1174486501 1174486541
1174486804 1174486844
1174486902 1174486942
1174487055 1174487095
1174487067 1174487107
1174487346 1174487386
1174487439 1174487479
1174488879 1174488919
1174496722 1174496762
1174496733 1174496773
1174496865 1174496905
1174499633 1174499673
1174499649 1174499689
1174500254 1174500294
1174502380 1174502420
1174505824 1174505864
1174514310 1174514350
1174519691 1174519731
1174540900 1174540940
1174541169 1174541209
1174548896 1174548936
1174559590 1174559630
1174559615 1174559655
1174568136 1174568176
1174568178 1174568218
1174569559 1174569599
1174572978 1174573018
1174573358 1174573398
1174582673 1174582713
1174583586 1174583626
1174585751 1174585791
1174616486 1174616526
1174619381 1174619421
1174634429 1174634469
1174644232 1174644272
1174647980 1174648020
1174662591 1174662631
1174668565 1174668605
1174669653 1174669693
1174670367 1174670407
1174677807 1174677847
1174682670 1174682710
1174692548 1174692588
1174693426 1174693466
1174697105 1174697145
1174697926 1174697966
1174701773 1174701813
1174713336 1174713376
1174726267 1174726307
1174726718 1174726758
1174727329 1174727369
1174733174 1174733214
1174738663 1174738703
1174744174 1174744214
1174772278 1174772318
1174787068 1174787108
1174791019 1174791059
1174793517 1174793557
1174795529 1174795569
1174816929 1174816969
1174817008 1174817048
1174820643 1174820683
1174821023 1174821063
1174822374 1174822414
1174881499 1174881539
1174885571 1174885611
1174897507 1174897547
1174898937 1174898977
1174898944 1174898984
1174898958 1174898998
1174899465 1174899505
1174899482 1174899522
1174899487 1174899527
1174900317 1174900357
1174927420 1174927460
1174941460 1174941500
1174945411 1174945451
1174946029 1174946069
1174947368 1174947408
1174950168 1174950208
1174986591 1174986631
1174992358 1174992398
1174993446 1174993486
1174998440 1174998480
1175003089 1175003129
1175003205 1175003245
1175004787 1175004827
1175008871 1175008911
1175011958 1175011998
1175014979 1175015019
1175015645 1175015685
1175026465 1175026505
1175029426 1175029466
1175031080 1175031120
1175041691 1175041731
1175046174 1175046214
1175074204 1175074244
1175075274 1175075314
1175076070 1175076110
1175104208 1175104248
1175105805 1175105845
1175109451 1175109491
1175141603 1175141643
1175145124 1175145164
1175146545 1175146585
1175148122 1175148162
1175160851 1175160891
1175185547 1175185587
1175191162 1175191202
1175197389 1175197429
1175200163 1175200203
1175207700 1175207740
1175213318 1175213358
1175213419 1175213459
1175238231 1175238271
1175239182 1175239222
1175239408 1175239448
1175239425 1175239465
1175240049 1175240089
1175241015 1175241055
1175269096 1175269136
1175277760 1175277800
1175295730 1175295770
1175296564 1175296604
1175305816 1175305856
1175307860 1175307900
1175309295 1175309335
1175314826 1175314866
1175323921 1175323961
1175326307 1175326347
1175329572 1175329612
1175332456 1175332496
1175334097 1175334137
1175337604 1175337644
1175338336 1175338376
1175341786 1175341826
1175389496 1175389536
1175405062 1175405102
1175407397 1175407437
1175407614 1175407654
1175407618 1175407658
1175407638 1175407678
1175420227 1175420267
1175425490 1175425530
1175428998 1175429038
1175457202 1175457242
1175457773 1175457813
1175463080 1175463120
1175466449 1175466489
1175469699 1175469739
1175473879 1175473919
1175479904 1175479944
1175481388 1175481428
1175482158 1175482198
1175577308 1175577348
1175577634 1175577674
1175594477 1175594517
1175595533 1175595573
1175601746 1175601786
1175618476 1175618516
1175621611 1175621651
1175654438 1175654478
1175656883 1175656923
1175670195 1175670235
1175674816 1175674856
1175681919 1175681959
1175689794 1175689834
1175698355 1175698395
1175717814 1175717854
1175719526 1175719566
1175719540 1175719580
1175725601 1175725641
1175732102 1175732142
1175734505 1175734545
1175744897 1175744937
1175745944 1175745984
1175745956 1175745996
1175763922 1175763962
1175768615 1175768655
1175778833 1175778873
1175778877 1175778917
1175781192 1175781232
1175781873 1175781913
1175783923 1175783963
1175789782 1175789822
1175789792 1175789832
1175789813 1175789853
1175790834 1175790874
1175790872 1175790912
1175798887 1175798927
1175799046 1175799086
1175814196 1175814236
1175817064 1175817104
1175819731 1175819771
1175825208 1175825248
1175830170 1175830210
1175830266 1175830306
1175841390 1175841430
1175851444 1175851484
1175851671 1175851711
1175853441 1175853481
1175856124 1175856164
1175861105 1175861145
1175861115 1175861155
1175866012 1175866052
1175867786 1175867826
1175870263 1175870303
1175870671 1175870711
1175871465 1175871505
1175882911 1175882951
1175889956 1175889996
1175890545 1175890585
1175893579 1175893619
1175899949 1175899989
1175901174 1175901214
1175913039 1175913079
1175932663 1175932703
1175990088 1175990128
1175990891 1175990931
1175996989 1175997029
1176018697 1176018737
1176018737 1176018777
1176022963 1176023003
1176024351 1176024391
1176032068 1176032108
1176039504 1176039544
1176042630 1176042670
1176047676 1176047716
1176047797 1176047837
1176171681 1176171721
1176181655 1176181695
1176199792 1176199832
1176222714 1176222754
1176236497 1176236537
1176237525 1176237565
1176238333 1176238373
1176246678 1176246718
1176247034 1176247074
1176250209 1176250249
1176260503 1176260543
1176262043 1176262083
1176275653 1176275693
1176276135 1176276175
1176306994 1176307034
1176307383 1176307423
1176315118 1176315158
1176317624 1176317664
1176319193 1176319233
1176320071 1176320111
1176334013 1176334053
1176334913 1176334953
1176337242 1176337282
1176342109 1176342149
1176363274 1176363314
1176365971 1176366011
1176370524 1176370564
1176396259 1176396299
1176401103 1176401143
1176403126 1176403166
1176412144 1176412184
1176413708 1176413748
1176414173 1176414213
1176422251 1176422291
1176425261 1176425301
1176432985 1176433025
1176434344 1176434384
1176450898 1176450938
1176461603 1176461643
1176463930 1176463970
1176464412 1176464452
1176477619 1176477659
1176482730 1176482770
1176484811 1176484851
1176485630 1176485670
1176497868 1176497908
1176508938 1176508978
1176523236 1176523276
1176527229 1176527269
1176533659 1176533699
1176545369 1176545409
1176549708 1176549748
1176550060 1176550100
1176622187 1176622227
1176631179 1176631219
1176636266 1176636306
1176636885 1176636925
1176638560 1176638600
1176678521 1176678561
1176698713 1176698753
1176701816 1176701856
1176708757 1176708797
1176724459 1176724499
1176727739 1176727779
1176728125 1176728165
1176732137 1176732177
1176737071 1176737111
1176755541 1176755581
1176773855 1176773895
1176775148 1176775188
1176788127 1176788167
1176799453 1176799493
1176803315 1176803355
1176803825 1176803865
1176814544 1176814584
1176820088 1176820128
1176823544 1176823584
1176824810 1176824850
1176853171 1176853211
1176855087 1176855127
1176864736 1176864776
1176866186 1176866226
1176868997 1176869037
1176872473 1176872513
1176876643 1176876683
1176889228 1176889268
1176892519 1176892559
1176893187 1176893227
1176901180 1176901220
1176901541 1176901581
1176911772 1176911812
1176915598 1176915638
1176915608 1176915648
1176917413 1176917453
1176922978 1176923018
1176935699 1176935739
1176936725 1176936765
1176936730 1176936770
1176938906 1176938946
1176939675 1176939715
1176959628 1176959668
1176961731 1176961771
1176969272 1176969312
1176970749 1176970789
1176974520 1176974560
1176974975 1176975015
1176982975 1176983015
1176984643 1176984683
1176991955 1176991995
1176995169 1176995209
1176998982 1176999022
1177001899 1177001939
1177005930 1177005970
1177016184 1177016224
1177034790 1177034830
1177035533 1177035573
1177041315 1177041355
1177045640 1177045680
1177074860 1177074900
1177080395 1177080435
1177087146 1177087186
1177094649 1177094689
1177125622 1177125662
1177126750 1177126790
1177133788 1177133828
1177134905 1177134945
1177140459 1177140499
1177148821 1177148861
1177158999 1177159039
1177211365 1177211405
1177215474 1177215514
1177225971 1177226011
1177244197 1177244237
1177247821 1177247861
1177254563 1177254603
1177255405 1177255445
1177258171 1177258211
1177282547 1177282587
1177287315 1177287355
1177290806 1177290846
1177295326 1177295366
1177295665 1177295705
1177306408 1177306448
1177307475 1177307515
1177316173 1177316213
1177316774 1177316814
1177316782 1177316822
1177404776 1177404816
1177417447 1177417487
1177417503 1177417543
1177439202 1177439242
1177520460 1177520500
1177532543 1177532583
1177661845 1177661885
1177666151 1177666191
1177666983 1177667023
1177668254 1177668294
1177739519 1177739559
1177740816 1177740856
1177751548 1177751588
1177760966 1177761006
1177797171 1177797211
1177820172 1177820212
1177850136 1177850176
1177850154 1177850194
1177855978 1177856018
1177981944 1177981984
1178066982 1178067022
1178080630 1178080670
1178115729 1178115769
1178116536 1178116576
1178122327 1178122367
1178123403 1178123443
1178123894 1178123934
1178134918 1178134958
1178137570 1178137610
1178147291 1178147331
1178148285 1178148325
1178154147 1178154187
1178154159 1178154199
1178157308 1178157348
1178157467 1178157507
1178159119 1178159159
1178161205 1178161245
1178163512 1178163552
1178179569 1178179609
1178202691 1178202731
1178204035 1178204075
1178206261 1178206301
1178210482 1178210522
1178224441 1178224481
1178224801 1178224841
1178231624 1178231664
1178232314 1178232354
1178281391 1178281431
1178281450 1178281490
1181002389 1181002429
1181002465 1181002505
1181002585 1181002625
1181012257 1181012297
1181018568 1181018608
1181020402 1181020442
1181020720 1181020760
1181048750 1181048790
1181049590 1181049630
1181056081 1181056121
1181124818 1181124858
1181132100 1181132140
1181174908 1181174948
1181180797 1181180837
1181184547 1181184587
1181188829 1181188869
1181188988 1181189028
1181200317 1181200357
1181205255 1181205295
1181206681 1181206721
1181208624 1181208664
1181209572 1181209612
1181239307 1181239347
1181244542 1181244582
1181254527 1181254567
1181256881 1181256921
1181258541 1181258581
1181272675 1181272715
1181275353 1181275393
1181275831 1181275871
1181281861 1181281901
1181290676 1181290716
1181293405 1181293445
1181300285 1181300325
1181326256 1181326296
1181326294 1181326334
1181326299 1181326339
1181326346 1181326386
1181330712 1181330752
1181330721 1181330761
1181338435 1181338475
1181339417 1181339457
1181361298 1181361338
1181363923 1181363963
1181446551 1181446591
1181454408 1181454448
1181480610 1181480650
1181483079 1181483119
1181487926 1181487966
1181490167 1181490207
1181490188 1181490228
1181503548 1181503588
1181508121 1181508161
1181517093 1181517133
1181520434 1181520474
1181532180 1181532220
1181532384 1181532424
1181536427 1181536467
1181541518 1181541558
1181544120 1181544160
1181544589 1181544629
1181555548 1181555588
1181556082 1181556122
1181574123 1181574163
1181577937 1181577977
1181578738 1181578778
1181619290 1181619330
1181627990 1181628030
1181628745 1181628785
1181645911 1181645951
1181647690 1181647730
1181659842 1181659882
1181660214 1181660254
1181669592 1181669632
1181671480 1181671520
1181671949 1181671989
1181675913 1181675953
1181677638 1181677678
1181678665 1181678705
1181680206 1181680246
1181682719 1181682759
1181682886 1181682926
1181684317 1181684357
1181697551 1181697591
1181705981 1181706021
1181709364 1181709404
1181717146 1181717186
1181720357 1181720397
1181767549 1181767589
1181768159 1181768199
1181769116 1181769156
1181769197 1181769237
1181772038 1181772078
1181782182 1181782222
1181784579 1181784619
1181799255 1181799295
1181811197 1181811237
1181813870 1181813910
1181823475 1181823515
1181844719 1181844759
1181851554 1181851594
1181851560 1181851600
1181851803 1181851843
1181859909 1181859949
1181867982 1181868022
1181869545 1181869585
1181875551 1181875591
1181876809 1181876849
1181882542 1181882582
1181912193 1181912233
1181920349 1181920389
1181954332 1181954372
1181956534 1181956574
1181965627 1181965667
1181969862 1181969902
1181971847 1181971887
1181973830 1181973870
1181985414 1181985454
1181985588 1181985628
1182000171 1182000211
1182001182 1182001222
1182220153 1182220193
1182221981 1182222021
1182223452 1182223492
1182232743 1182232783
1182236040 1182236080
1182247106 1182247146
1182249174 1182249214
1182250720 1182250760
1182250858 1182250898
1182254063 1182254103
1182254622 1182254662
1182281061 1182281101
1182288878 1182288918
1182291608 1182291648
1182308534 1182308574
1182325661 1182325701
1182326104 1182326144
1182329147 1182329187
1182341171 1182341211
1182341588 1182341628
1182346925 1182346965
1182347434 1182347474
1182357072 1182357112
1182365377 1182365417
1182371127 1182371167
1182381421 1182381461
1182383181 1182383221
1182385822 1182385862
1182389338 1182389378
1182398371 1182398411
1182399791 1182399831
1182401647 1182401687
1182408078 1182408118
1182419271 1182419311
1182427672 1182427712
1182427708 1182427748
1182428292 1182428332
1182436805 1182436845
1182437925 1182437965
1182445318 1182445358
1182447539 1182447579
1182460131 1182460171
1182461987 1182462027
1182466172 1182466212
1182466254 1182466294
1182468918 1182468958
1182470462 1182470502
1182471090 1182471130
1182500453 1182500493
1182532501 1182532541
1182538542 1182538582
1182543511 1182543551
1182651435 1182651475
1182670098 1182670138
1182678864 1182678904
1182681062 1182681102
1182693982 1182694022
1182698581 1182698621
1182699801 1182699841
1182701178 1182701218
1182711538 1182711578
1182718830 1182718870
1182721835 1182721875
1182724426 1182724466
1182727251 1182727291
1182728076 1182728116
1182748605 1182748645
1182751616 1182751656
1182795419 1182795459
1182800758 1182800798
1182808765 1182808805
1182811059 1182811099
1182819031 1182819071
1182840178 1182840218
1182865965 1182866005
1182873000 1182873040
1182874625 1182874665
1182879407 1182879447
1182890696 1182890736
1182892660 1182892700
1182893979 1182894019
1182908395 1182908435
1182910743 1182910783
1182910768 1182910808
1182913935 1182913975
1182932448 1182932488
1182939819 1182939859
1182941956 1182941996
1182952809 1182952849
1182953364 1182953404
1182957048 1182957088
1182957464 1182957504
1182960233 1182960273
1182967456 1182967496
1183008712 1183008752
1183019640 1183019680
1183022392 1183022432
1183033623 1183033663
1183036138 1183036178
1183043561 1183043601
1183045939 1183045979
1183049732 1183049772
1183050714 1183050754
1183067713 1183067753
1183085689 1183085729
1183092084 1183092124
1183105232 1183105272
1183105879 1183105919
1183112334 1183112374
1183113432 1183113472
1183117172 1183117212
1183120110 1183120150
1183120556 1183120596
1183123108 1183123148
1183131206 1183131246
1183141219 1183141259
1183147563 1183147603
1183160249 1183160289
1183167774 1183167814
1183171971 1183172011
1183173175 1183173215
1183173226 1183173266
1183178470 1183178510
1183179772 1183179812
1183186660 1183186700
1183189701 1183189741
1183189713 1183189753
1183189721 1183189761
1183189991 1183190031
1183191811 1183191851
1183201582 1183201622
1183204894 1183204934
1183206166 1183206206
1183207367 1183207407
1183220774 1183220814
1183226405 1183226445
1183228819 1183228859
1183229965 1183230005
1183236971 1183237011
1183244741 1183244781
1183247895 1183247935
1183248396 1183248436
1183251647 1183251687
1183251660 1183251700
1183255137 1183255177
1183256068 1183256108
1183259728 1183259768
1183264302 1183264342
1183267959 1183267999
1183268784 1183268824
1183278731 1183278771
1183291006 1183291046
1183291606 1183291646
1183292401 1183292441
1183292653 1183292693
1183335065 1183335105
1183344930 1183344970
1183351430 1183351470
1183354890 1183354930
1183357038 1183357078
1184033936 1184033976
1184034272 1184034312
1184035414 1184035454
1184036130 1184036170
1184039067 1184039107
1184040526 1184040566
1184042206 1184042246
1184045134 1184045174
1184047702 1184047742
1184050974 1184051014
1184051972 1184052012
1184057623 1184057663
1184103556 1184103596
1184154485 1184154525
1184165142 1184165182
1184168121 1184168161
1184177354 1184177394
1184184446 1184184486
1184184516 1184184556
1184192400 1184192440
1184210283 1184210323
1184482322 1184482362
1184495294 1184495334
1184497661 1184497701
1184504291 1184504331
1184506788 1184506828
1184506943 1184506983
1184506966 1184507006
1184507138 1184507178
1184518245 1184518285
1184520387 1184520427
1184520399 1184520439
1184520411 1184520451
1184540842 1184540882
1184541467 1184541507
1184544115 1184544155
1184547491 1184547531
1184548479 1184548519
1184551035 1184551075
1184589961 1184590001
1184598094 1184598134
1184598597 1184598637
1184618015 1184618055
1184618043 1184618083
1184620247 1184620287
1184620922 1184620962
1184620927 1184620967
1184620934 1184620974
1184621968 1184622008
1184625869 1184625909
1184651991 1184652031
1184675037 1184675077
1184675182 1184675222
1184675789 1184675829
1184680537 1184680577
1184691221 1184691261
1184697121 1184697161
1184741701 1184741741
1184744300 1184744340
1184751045 1184751085
1184784414 1184784454
1184795443 1184795483
1184808344 1184808384
1184808666 1184808706
1184852593 1184852633
1184857584 1184857624
1184858787 1184858827
1184860982 1184861022
1184862985 1184863025
1184873655 1184873695
1184886190 1184886230
1184886595 1184886635
1184887173 1184887213
1184897311 1184897351
1184897568 1184897608
1184902470 1184902510
1184904492 1184904532
1184918837 1184918877
1184936571 1184936611
1184937602 1184937642
1184939002 1184939042
1184939028 1184939068
1184940772 1184940812
1184944262 1184944302
1184945993 1184946033
1184946662 1184946702
1184950832 1184950872
1184950837 1184950877
1184950889 1184950929
1184950894 1184950934
1184950898 1184950938
1184950998 1184951038
1184951050 1184951090
1184951065 1184951105
1184961271 1184961311
1184961292 1184961332
1184972625 1184972665
1184972634 1184972674
1184983945 1184983985
1185084890 1185084930
1185092271 1185092311
1185146061 1185146101
1185148641 1185148681
1185149250 1185149290
1185149297 1185149337
1185152175 1185152215
1185185188 1185185228
1185185245 1185185285
1185190104 1185190144
1185196161 1185196201
1185200885 1185200925
1185205521 1185205561
1185211004 1185211044
1185247162 1185247202
1185247175 1185247215
1185247189 1185247229
1185249571 1185249611
1185254044 1185254084
1185254808 1185254848
1185256424 1185256464
1185257029 1185257069
1185260178 1185260218
1185260200 1185260240
1185263226 1185263266
1185264171 1185264211
1185265675 1185265715
1185269710 1185269750
1185269725 1185269765
1185270027 1185270067
1185271959 1185271999
1185274122 1185274162
1185274782 1185274822
1185275973 1185276013
1185276302 1185276342
1185277927 1185277967
1185278068 1185278108
1185278737 1185278777
1185278972 1185279012
1185281275 1185281315
1185282604 1185282644
1185283881 1185283921
1185284030 1185284070
1185284197 1185284237
1185286745 1185286785
1185286752 1185286792
1185289734 1185289774
1185289738 1185289778
1185289851 1185289891
1185292306 1185292346
1185293169 1185293209
1185297648 1185297688
1185348595 1185348635
1185349514 1185349554
1185349704 1185349744
1185350686 1185350726
1185357141 1185357181
1185362982 1185363022
1185367011 1185367051
1185367791 1185367831
1185382919 1185382959
1185382993 1185383033
1185385328 1185385368
1185389787 1185389827
1185390783 1185390823
1185391583 1185391623
1185432392 1185432432
1185449893 1185449933
1185452967 1185453007
1185460809 1185460849
1185464556 1185464596
1185474254 1185474294
1185507716 1185507756
1185511794 1185511834
1185512048 1185512088
1185520251 1185520291
1185526097 1185526137
1185531585 1185531625
1185540264 1185540304
1185545037 1185545077
1185564820 1185564860
1185591585 1185591625
1185591597 1185591637
1185591602 1185591642
1185594882 1185594922
1185595195 1185595235
1185666559 1185666599
1185670406 1185670446
1185681426 1185681466
1185682477 1185682517
1185690781 1185690821
1185706605 1185706645
1185706842 1185706882
1185717256 1185717296
1185754961 1185755001
1185755694 1185755734
1185767494 1185767534
1185768167 1185768207
1185769399 1185769439
1185770222 1185770262
1185770381 1185770421
1185780435 1185780475
1185782611 1185782651
1185790179 1185790219
1185798960 1185799000
1185809545 1185809585
1185810700 1185810740
1185836081 1185836121
1185847248 1185847288
1185859417 1185859457
1185859534 1185859574
1185869926 1185869966
1185889504 1185889544
1185934729 1185934769
1185941104 1185941144
1185942917 1185942957
1185946815 1185946855
1185946819 1185946859
1185957627 1185957667
1185958355 1185958395
1185972418 1185972458
1185975182 1185975222
1185976827 1185976867
1185986989 1185987029
1185986994 1185987034
1185986999 1185987039
1185988986 1185989026
1185991751 1185991791
1185992669 1185992709
1186007870 1186007910
1186009915 1186009955
1186021539 1186021579
1186028471 1186028511
1186029184 1186029224
1186029735 1186029775
1186049239 1186049279
1186049244 1186049284
1186062802 1186062842
1186072816 1186072856
1186094021 1186094061
1186104410 1186104450
1186105405 1186105445
1186105601 1186105641
1186105702 1186105742
1186112160 1186112200
1186112520 1186112560
1186113377 1186113417
1186125930 1186125970
1186127895 1186127935
1186130334 1186130374
1186149190 1186149230
1186154413 1186154453
1186158580 1186158620
1186160192 1186160232
1186162655 1186162695
1186163019 1186163059
1186164415 1186164455
1186164800 1186164840
1186170705 1186170745
1186173675 1186173715
1186215543 1186215583
1186228240 1186228280
1186233305 1186233345
1186297217 1186297257
1186298560 1186298600
1186299660 1186299700
1186300839 1186300879
1186302499 1186302539
1186308121 1186308161
1186315757 1186315797
1186316185 1186316225
1186318809 1186318849
1186319944 1186319984
1186327025 1186327065
1186354075 1186354115
1186357157 1186357197
1186363700 1186363740
1186365586 1186365626
1186369679 1186369719
1186371104 1186371144
1186379177 1186379217
1186383863 1186383903
1186385811 1186385851
1186392004 1186392044
1186392021 1186392061
1186399235 1186399275
1186413293 1186413333
1186415571 1186415611
1186448839 1186448879
1186448844 1186448884
1186448848 1186448888
1186449481 1186449521
1186455202 1186455242
1186462084 1186462124
1186462921 1186462961
1186467186 1186467226
1186467272 1186467312
1186484351 1186484391
1186489286 1186489326
1186496464 1186496504
1186498710 1186498750
1186527914 1186527954
1186540022 1186540062
1186543753 1186543793
1186546428 1186546468
1186557347 1186557387
1186557715 1186557755
1186569925 1186569965
1186577225 1186577265
1186587370 1186587410
1186592112 1186592152
1186592510 1186592550
1186592630 1186592670
1186598272 1186598312
1186648235 1186648275
1186653626 1186653666
1186656159 1186656199
1186656918 1186656958
1186658476 1186658516
1186662632 1186662672
1186662664 1186662704
1186664176 1186664216
1186684820 1186684860
1186687547 1186687587
1186687764 1186687804
1186706256 1186706296
1186706261 1186706301
1186706269 1186706309
1186706745 1186706785
1186706956 1186706996
1186712654 1186712694
1186719645 1186719685
1186726343 1186726383
1186741841 1186741881
1186749727 1186749767
1186753581 1186753621
1186754789 1186754829
1186767529 1186767569
1186775229 1186775269
1186804842 1186804882
1186809694 1186809734
1186810738 1186810778
1186814062 1186814102
1186814451 1186814491
1186823261 1186823301
1186833813 1186833853
1186835574 1186835614
1186880536 1186880576
1186882259 1186882299
1186883603 1186883643
1186887371 1186887411
1186887428 1186887468
1186887440 1186887480
1186891155 1186891195
1186918412 1186918452
1186919915 1186919955
1186919920 1186919960
1186929790 1186929830
1186935160 1186935200
1186938315 1186938355
1186960542 1186960582
1186963025 1186963065
1186967126 1186967166
1186973327 1186973367
1186984692 1186984732
1186990454 1186990494
1186998595 1186998635
1187004252 1187004292
1187008862 1187008902
1187015042 1187015082
1187015094 1187015134
1187024376 1187024416
1187037724 1187037764
1187046041 1187046081
1187048187 1187048227
1187051318 1187051358
1187051975 1187052015
1187055498 1187055538
1187084337 1187084377
1187088953 1187088993
1187092296 1187092336
1187098366 1187098406
1187098404 1187098444
1187120275 1187120315
1187135353 1187135393
1187150335 1187150375
1187157780 1187157820
1187163333 1187163373
1187163337 1187163377
1187166344 1187166384
1187182978 1187183018
1187185329 1187185369
1187196315 1187196355
1187200588 1187200628
1187212185 1187212225
1187212328 1187212368
1187212861 1187212901
1187213248 1187213288
1187215081 1187215121
1187218860 1187218900
1187220245 1187220285
1187220259 1187220299
1187222619 1187222659
1187230753 1187230793
1187242888 1187242928
1187249659 1187249699
1187251095 1187251135
1187251644 1187251684
1187259815 1187259855
1187266583 1187266623
1187269089 1187269129
1187271875 1187271915
1187293351 1187293391
1187307634 1187307674
1187313597 1187313637
1187324480 1187324520
1187324617 1187324657
1187329142 1187329182
1187331358 1187331398
1187332027 1187332067
1187333803 1187333843
1187336217 1187336257
1187338933 1187338973
1187341195 1187341235
1187341201 1187341241
1187341273 1187341313
1187366086 1187366126
1187369714 1187369754
1187377462 1187377502
1187380079 1187380119
1187382858 1187382898
1187384523 1187384563
1187385458 1187385498
1187389417 1187389457
1187390080 1187390120
1187390098 1187390138
1187394684 1187394724
1187399970 1187400010
1187400037 1187400077
1187400051 1187400091
1187409375 1187409415
1187412103 1187412143
1187412109 1187412149
1187412113 1187412153
1187423550 1187423590
1187425633 1187425673
1187426409 1187426449
1187430735 1187430775
1187431192 1187431232
1187432712 1187432752
1187432722 1187432762
1187435346 1187435386
1187436639 1187436679
1187438905 1187438945
1187485040 1187485080
1187494132 1187494172
1187501373 1187501413
1187524919 1187524959
1187527631 1187527671
1187527879 1187527919
1187529236 1187529276
1187534690 1187534730
1187539034 1187539074
1187541662 1187541702
1187541719 1187541759
1187548895 1187548935
1187554324 1187554364
1187554695 1187554735
1187560696 1187560736
1187561848 1187561888
1187562238 1187562278
1187568437 1187568477
1187571254 1187571294
1187576199 1187576239
1187578729 1187578769
1187578736 1187578776
1187581759 1187581799
1187591422 1187591462
1187592530 1187592570
1187595665 1187595705
1187596953 1187596993
1187597365 1187597405
1187598516 1187598556
1187598866 1187598906
1187599862 1187599902
1187610118 1187610158
1187613251 1187613291
1187619035 1187619075
1187622109 1187622149
1187639398 1187639438
1187639862 1187639902
1187640672 1187640712
1187640836 1187640876
1187644242 1187644282
1187644656 1187644696
1187649339 1187649379
1187649651 1187649691
1187654458 1187654498
1187682489 1187682529
1187683476 1187683516
1187686255 1187686295
1187699412 1187699452
1187700636 1187700676
1187702015 1187702055
1187709157 1187709197
1187721635 1187721675
1187722125 1187722165
1187724392 1187724432
1187725387 1187725427
