1173296243 1173296283
1173351906 1173351946
1173355146 1173355186
1173355353 1173355393
1173394164 1173394204
1173408674 1173408714
1173424227 1173424267
1173426137 1173426177
1173435845 1173435885
1173435928 1173435968
1173438095 1173438135
1173439825 1173439865
1173440003 1173440043
1173457951 1173457991
1173473744 1173473784
1173475488 1173475528
1173475805 1173475845
1173477174 1173477214
1173485418 1173485458
1173495838 1173495878
1173499872 1173499912
1173499876 1173499916
1173505871 1173505911
1173515959 1173515999
1173520275 1173520315
1173526967 1173527007
1173528086 1173528126
1173612675 1173612715
1173613532 1173613572
1173652414 1173652454
1173659535 1173659575
1173662763 1173662803
1173665138 1173665178
1173665152 1173665192
1173665987 1173666027
1173667391 1173667431
1173668046 1173668086
1173670313 1173670353
1173673077 1173673117
1173685888 1173685928
1173687299 1173687339
1173693392 1173693432
1173701652 1173701692
1173703822 1173703862
1173704356 1173704396
1173708925 1173708965
1173720341 1173720381
1173720550 1173720590
1173727682 1173727722
1173730652 1173730692
1173732542 1173732582
1173739911 1173739951
1173748835 1173748875
1173757719 1173757759
1173761343 1173761383
1173768009 1173768049
1173780865 1173780905
1173785732 1173785772
1173788425 1173788465
1173789767 1173789807
1173791340 1173791380
1173793745 1173793785
1173793769 1173793809
1173796521 1173796561
1173797145 1173797185
1173797921 1173797961
1173816947 1173816987
1173817460 1173817500
1173819619 1173819659
1173824522 1173824562
1173825146 1173825186
1173825189 1173825229
1173825196 1173825236
1173829850 1173829890
1173833676 1173833716
1173834716 1173834756
1173856482 1173856522
1173860784 1173860824
1173885881 1173885921
1173885889 1173885929
1173886844 1173886884
1173888731 1173888771
1173935495 1173935535
1173941024 1173941064
1173945064 1173945104
1173953488 1173953528
1173966896 1173966936
1173971008 1173971048
1173974474 1173974514
1173987989 1173988029
1173993563 1173993603
1174009991 1174010031
1174021454 1174021494
1174023979 1174024019
1174030713 1174030753
1174038131 1174038171
1174052827 1174052867
1174059774 1174059814
1174080140 1174080180
1174080705 1174080745
1174081165 1174081205
1174086334 1174086374
1174088825 1174088865
1174092089 1174092129
1174094776 1174094816
1174096819 1174096859
1174101199 1174101239
1174122226 1174122266
1174127235 1174127275
1174180739 1174180779
1174180835 1174180875
1174204704 1174204744
1174210924 1174210964
1174212538 1174212578
1174216812 1174216852
1174217427 1174217467
1174220051 1174220091
1174232980 1174233020
1174235038 1174235078
1174240772 1174240812
1174240822 1174240862
1174257432 1174257472
1174271060 1174271100
1174355780 1174355820
1174363825 1174363865
1174373818 1174373858
1174378648 1174378688
1174402780 1174402820
1174407674 1174407714
1174408916 1174408956
1174408962 1174409002
1174408978 1174409018
1174409565 1174409605
1174409642 1174409682
1174413559 1174413599
1174413592 1174413632
1174420263 1174420303
1174433518 1174433558
1174433526 1174433566
1174434218 1174434258
1174453986 1174454026
1174455328 1174455368
1174457582 1174457622
1174457595 1174457635
1174457797 1174457837
1174483818 1174483858
1174486501 1174486541
1174486804 1174486844
1174486902 1174486942
1174487055 1174487095
1174487067 1174487107
1174487346 1174487386
1174487439 1174487479
1174488879 1174488919
1174496722 1174496762
1174496733 1174496773
1174496865 1174496905
1174499633 1174499673
1174499649 1174499689
1174500254 1174500294
1174502380 1174502420
1174505824 1174505864
1174514310 1174514350
1174519691 1174519731
1174540900 1174540940
1174541169 1174541209
1174548896 1174548936
1174559590 1174559630
1174559615 1174559655
1174568136 1174568176
1174568178 1174568218
1174569559 1174569599
1174572978 1174573018
1174573358 1174573398
1174582673 1174582713
1174583586 1174583626
1174585751 1174585791
1174616486 1174616526
1174619381 1174619421
1174634429 1174634469
1174644232 1174644272
1174647980 1174648020
1174662591 1174662631
1174668565 1174668605
1174669653 1174669693
1174670367 1174670407
1174677807 1174677847
1174682670 1174682710
1174692548 1174692588
1174693426 1174693466
1174697105 1174697145
1174697926 1174697966
1174701773 1174701813
1174713336 1174713376
1174726267 1174726307
1174726718 1174726758
1174727329 1174727369
1174733174 1174733214
1174738663 1174738703
1174744174 1174744214
1174772278 1174772318
1174787068 1174787108
1174791019 1174791059
1174793517 1174793557
1174795529 1174795569
1174816929 1174816969
1174817008 1174817048
1174820643 1174820683
1174821023 1174821063
1174822374 1174822414
1174881499 1174881539
1174885571 1174885611
1174897507 1174897547
1174898937 1174898977
1174898944 1174898984
1174898958 1174898998
1174899465 1174899505
1174899482 1174899522
1174899487 1174899527
1174900317 1174900357
1174927420 1174927460
1174941460 1174941500
1174945411 1174945451
1174946029 1174946069
1174947368 1174947408
1174950168 1174950208
1174986591 1174986631
1174992358 1174992398
1174993446 1174993486
1174998440 1174998480
1175003089 1175003129
1175003205 1175003245
1175004787 1175004827
1175008871 1175008911
1175011958 1175011998
1175014979 1175015019
1175015645 1175015685
1175026465 1175026505
1175029426 1175029466
1175031080 1175031120
1175041691 1175041731
1175046174 1175046214
1175074204 1175074244
1175075274 1175075314
1175076070 1175076110
1175104208 1175104248
1175105805 1175105845
1175109451 1175109491
1175141603 1175141643
1175145124 1175145164
1175146545 1175146585
1175148122 1175148162
1175160851 1175160891
1175185547 1175185587
1175191162 1175191202
1175197389 1175197429
1175200163 1175200203
1175207700 1175207740
1175213318 1175213358
1175213419 1175213459
1175238231 1175238271
1175239182 1175239222
1175239408 1175239448
1175239425 1175239465
1175240049 1175240089
1175241015 1175241055
1175269096 1175269136
1175277760 1175277800
1175295730 1175295770
1175296564 1175296604
1175305816 1175305856
1175307860 1175307900
1175309295 1175309335
1175314826 1175314866
1175323921 1175323961
1175326307 1175326347
1175329572 1175329612
1175332456 1175332496
1175334097 1175334137
1175337604 1175337644
1175338336 1175338376
1175341786 1175341826
1175389496 1175389536
1175405062 1175405102
1175407397 1175407437
1175407614 1175407654
1175407618 1175407658
1175407638 1175407678
1175420227 1175420267
1175425490 1175425530
1175428998 1175429038
1175457202 1175457242
1175457773 1175457813
1175463080 1175463120
1175466449 1175466489
1175469699 1175469739
1175473879 1175473919
1175479904 1175479944
1175481388 1175481428
1175482158 1175482198
1175577308 1175577348
1175577634 1175577674
1175594477 1175594517
1175595533 1175595573
1175601746 1175601786
1175618476 1175618516
1175621611 1175621651
1175654438 1175654478
1175656883 1175656923
1175670195 1175670235
1175674816 1175674856
1175681919 1175681959
1175689794 1175689834
1175698355 1175698395
1175717814 1175717854
1175719526 1175719566
1175719540 1175719580
1175725601 1175725641
1175732102 1175732142
1175734505 1175734545
1175744897 1175744937
1175745944 1175745984
1175745956 1175745996
1175763922 1175763962
1175768615 1175768655
1175778833 1175778873
1175778877 1175778917
1175781192 1175781232
1175781873 1175781913
1175783923 1175783963
1175789782 1175789822
1175789792 1175789832
1175789813 1175789853
1175790834 1175790874
1175790872 1175790912
1175798887 1175798927
1175799046 1175799086
1175814196 1175814236
1175817064 1175817104
1175819731 1175819771
1175825208 1175825248
1175830170 1175830210
1175830266 1175830306
1175841390 1175841430
1175851444 1175851484
1175851671 1175851711
1175853441 1175853481
1175856124 1175856164
1175861105 1175861145
1175861115 1175861155
1175866012 1175866052
1175867786 1175867826
1175870263 1175870303
1175870671 1175870711
1175871465 1175871505
1175882911 1175882951
1175889956 1175889996
1175890545 1175890585
1175893579 1175893619
1175899949 1175899989
1175901174 1175901214
1175913039 1175913079
1175932663 1175932703
1175990088 1175990128
1175990891 1175990931
1175996989 1175997029
1176018697 1176018737
1176018737 1176018777
1176022963 1176023003
1176024351 1176024391
1176032068 1176032108
1176039504 1176039544
1176042630 1176042670
1176047676 1176047716
1176047797 1176047837
1176171681 1176171721
1176181655 1176181695
1176199792 1176199832
1176222714 1176222754
1176236497 1176236537
1176237525 1176237565
1176238333 1176238373
1176246678 1176246718
1176247034 1176247074
1176250209 1176250249
1176260503 1176260543
1176262043 1176262083
1176275653 1176275693
1176276135 1176276175
1176306994 1176307034
1176307383 1176307423
1176315118 1176315158
1176317624 1176317664
1176319193 1176319233
1176320071 1176320111
1176334013 1176334053
1176334913 1176334953
1176337242 1176337282
1176342109 1176342149
1176363274 1176363314
1176365971 1176366011
1176370524 1176370564
1176396259 1176396299
1176401103 1176401143
1176403126 1176403166
1176412144 1176412184
1176413708 1176413748
1176414173 1176414213
1176422251 1176422291
1176425261 1176425301
1176432985 1176433025
1176434344 1176434384
1176450898 1176450938
1176461603 1176461643
1176463930 1176463970
1176464412 1176464452
1176477619 1176477659
1176482730 1176482770
1176484811 1176484851
1176485630 1176485670
1176497868 1176497908
1176508938 1176508978
1176523236 1176523276
1176527229 1176527269
1176533659 1176533699
1176545369 1176545409
1176549708 1176549748
1176550060 1176550100
1176622187 1176622227
1176631179 1176631219
1176636266 1176636306
1176636885 1176636925
1176638560 1176638600
1176678521 1176678561
1176698713 1176698753
1176701816 1176701856
1176708757 1176708797
1176724459 1176724499
1176727739 1176727779
1176728125 1176728165
1176732137 1176732177
1176737071 1176737111
1176755541 1176755581
1176773855 1176773895
1176775148 1176775188
1176788127 1176788167
1176799453 1176799493
1176803315 1176803355
1176803825 1176803865
1176814544 1176814584
1176820088 1176820128
1176823544 1176823584
1176824810 1176824850
1176853171 1176853211
1176855087 1176855127
1176864736 1176864776
1176866186 1176866226
1176868997 1176869037
1176872473 1176872513
1176876643 1176876683
1176889228 1176889268
1176892519 1176892559
1176893187 1176893227
1176901180 1176901220
1176901541 1176901581
1176911772 1176911812
1176915598 1176915638
1176915608 1176915648
1176917413 1176917453
1176922978 1176923018
1176935699 1176935739
1176936725 1176936765
1176936730 1176936770
1176938906 1176938946
1176939675 1176939715
1176959628 1176959668
1176961731 1176961771
1176969272 1176969312
1176970749 1176970789
1176974520 1176974560
1176974975 1176975015
1176982975 1176983015
1176984643 1176984683
1176991955 1176991995
1176995169 1176995209
1176998982 1176999022
1177001899 1177001939
1177005930 1177005970
1177016184 1177016224
1177034790 1177034830
1177035533 1177035573
1177041315 1177041355
1177045640 1177045680
1177074860 1177074900
1177080395 1177080435
1177087146 1177087186
1177094649 1177094689
1177125622 1177125662
1177126750 1177126790
1177133788 1177133828
1177134905 1177134945
1177140459 1177140499
1177148821 1177148861
1177158999 1177159039
1177211365 1177211405
1177215474 1177215514
1177225971 1177226011
1177244197 1177244237
1177247821 1177247861
1177254563 1177254603
1177255405 1177255445
1177258171 1177258211
1177282547 1177282587
1177287315 1177287355
1177290806 1177290846
1177295326 1177295366
1177295665 1177295705
1177306408 1177306448
1177307475 1177307515
1177316173 1177316213
1177316774 1177316814
1177316782 1177316822
1177404776 1177404816
1177417447 1177417487
1177417503 1177417543
1177439202 1177439242
1177520460 1177520500
1177532543 1177532583
1177661845 1177661885
1177666151 1177666191
1177666983 1177667023
1177668254 1177668294
1177739519 1177739559
1177740816 1177740856
1177751548 1177751588
1177760966 1177761006
1177797171 1177797211
1177820172 1177820212
1177850136 1177850176
1177850154 1177850194
1177855978 1177856018
1177981944 1177981984
1178066982 1178067022
1178080630 1178080670
1178115729 1178115769
1178116536 1178116576
1178122327 1178122367
1178123403 1178123443
1178123894 1178123934
1178134918 1178134958
1178137570 1178137610
1178147291 1178147331
1178148285 1178148325
1178154147 1178154187
1178154159 1178154199
1178157308 1178157348
1178157467 1178157507
1178159119 1178159159
1178161205 1178161245
1178163512 1178163552
1178179569 1178179609
1178202691 1178202731
1178204035 1178204075
1178206261 1178206301
1178210482 1178210522
1178224441 1178224481
1178224801 1178224841
1178231624 1178231664
1178232314 1178232354
1178281391 1178281431
1178281450 1178281490
1181002389 1181002429
1181002465 1181002505
1181002585 1181002625
1181012257 1181012297
1181018568 1181018608
1181020402 1181020442
1181020720 1181020760
1181048750 1181048790
1181049590 1181049630
1181056081 1181056121
1181124818 1181124858
1181132100 1181132140
1181174908 1181174948
1181180797 1181180837
1181184547 1181184587
1181188829 1181188869
1181188988 1181189028
1181200317 1181200357
1181205255 1181205295
1181206681 1181206721
1181208624 1181208664
1181209572 1181209612
1181239307 1181239347
1181244542 1181244582
1181254527 1181254567
1181256881 1181256921
1181258541 1181258581
1181272675 1181272715
1181275353 1181275393
1181275831 1181275871
1181281861 1181281901
1181290676 1181290716
1181293405 1181293445
1181300285 1181300325
1181326256 1181326296
1181326294 1181326334
1181326299 1181326339
1181326346 1181326386
1181330712 1181330752
1181330721 1181330761
1181338435 1181338475
1181339417 1181339457
1181361298 1181361338
1181363923 1181363963
1181446551 1181446591
1181454408 1181454448
1181480610 1181480650
1181483079 1181483119
1181487926 1181487966
1181490167 1181490207
1181490188 1181490228
1181503548 1181503588
1181508121 1181508161
1181517093 1181517133
1181520434 1181520474
1181532180 1181532220
1181532384 1181532424
1181536427 1181536467
1181541518 1181541558
1181544120 1181544160
1181544589 1181544629
1181555548 1181555588
1181556082 1181556122
1181574123 1181574163
1181577937 1181577977
1181578738 1181578778
1181619290 1181619330
1181627990 1181628030
1181628745 1181628785
1181645911 1181645951
1181647690 1181647730
1181659842 1181659882
1181660214 1181660254
1181669592 1181669632
1181671480 1181671520
1181671949 1181671989
1181675913 1181675953
1181677638 1181677678
1181678665 1181678705
1181680206 1181680246
1181682719 1181682759
1181682886 1181682926
1181684317 1181684357
1181697551 1181697591
1181705981 1181706021
1181709364 1181709404
1181717146 1181717186
1181720357 1181720397
1181767549 1181767589
1181768159 1181768199
1181769116 1181769156
1181769197 1181769237
1181772038 1181772078
1181782182 1181782222
1181784579 1181784619
1181799255 1181799295
1181811197 1181811237
1181813870 1181813910
1181823475 1181823515
1181844719 1181844759
1181851554 1181851594
1181851560 1181851600
1181851803 1181851843
1181859909 1181859949
1181867982 1181868022
1181869545 1181869585
1181875551 1181875591
1181876809 1181876849
1181882542 1181882582
