1181912064 1181912320
1181920192 1181920448
1181954176 1181954432
1181956416 1181956672
1181965504 1181965760
1181969728 1181969984
1181971712 1181971968
1181973696 1181973952
1181985280 1181985536
1181985472 1181985728
1182000000 1182000256
1182001024 1182001280
1182220032 1182220288
1182221824 1182222080
1182223296 1182223552
1182232576 1182232832
1182235904 1182236160
1182246976 1182247232
1182249024 1182249280
1182250560 1182250816
1182250688 1182250944
1182253952 1182254208
1182254464 1182254720
1182280896 1182281152
1182288768 1182289024
1182291456 1182291712
1182308416 1182308672
1182325504 1182325760
1182325952 1182326208
1182329024 1182329280
1182341056 1182341312
1182341440 1182341696
1182346816 1182347072
1182347264 1182347520
1182356928 1182357184
1182365248 1182365504
1182371008 1182371264
1182381312 1182381568
1182383040 1182383296
1182385664 1182385920
1182389184 1182389440
1182398208 1182398464
1182399680 1182399936
1182401536 1182401792
1182407936 1182408192
1182419136 1182419392
1182427520 1182427776
1182427584 1182427840
1182428160 1182428416
1182436672 1182436928
1182437760 1182438016
1182445184 1182445440
1182447424 1182447680
1182459968 1182460224
1182461824 1182462080
1182466048 1182466304
1182466112 1182466368
1182468800 1182469056
1182470336 1182470592
1182470976 1182471232
1182500288 1182500544
1182532352 1182532608
1182538432 1182538688
1182543360 1182543616
1182651264 1182651520
1182669952 1182670208
1182678720 1182678976
1182680896 1182681152
1182693824 1182694080
1182698432 1182698688
1182699648 1182699904
1182701056 1182701312
1182711424 1182711680
1182718720 1182718976
1182721664 1182721920
1182724288 1182724544
1182727104 1182727360
1182727936 1182728192
1182748480 1182748736
1182751488 1182751744
1182795264 1182795520
1182800640 1182800896
1182808640 1182808896
1182810944 1182811200
1182818880 1182819136
1182840064 1182840320
1182865856 1182866112
1182872832 1182873088
1182874496 1182874752
1182879296 1182879552
1182890560 1182890816
1182892544 1182892800
1182893824 1182894080
1182908224 1182908480
1182910592 1182910848
1182910656 1182910912
1182913792 1182914048
1182932288 1182932544
1182939648 1182939904
1182941824 1182942080
1182952640 1182952896
1182953216 1182953472
1182956928 1182957184
1182957312 1182957568
1182960064 1182960320
1182967296 1182967552
1183008576 1183008832
1183019520 1183019776
1183022272 1183022528
1183033472 1183033728
1183035968 1183036224
1183043392 1183043648
1183045824 1183046080
1183049600 1183049856
1183050560 1183050816
1183067584 1183067840
1183085568 1183085824
1183091968 1183092224
1183105088 1183105344
1183105728 1183105984
1183112192 1183112448
1183113280 1183113536
1183117056 1183117312
1183120000 1183120256
1183120448 1183120704
1183122944 1183123200
1183131072 1183131328
1183141056 1183141312
1183147392 1183147648
1183160128 1183160384
1183167616 1183167872
1183171840 1183172096
1183173056 1183173312
1183173056 1183173312
1183178304 1183178560
1183179648 1183179904
1183186496 1183186752
1183189568 1183189824
1183189568 1183189824
1183189568 1183189824
1183189824 1183190080
1183191680 1183191936
1183201472 1183201728
1183204736 1183204992
1183206016 1183206272
1183207232 1183207488
1183220608 1183220864
1183226240 1183226496
1183228672 1183228928
1183229824 1183230080
1183236800 1183237056
1183244608 1183244864
1183247744 1183248000
1183248256 1183248512
1183251520 1183251776
1183251520 1183251776
1183254976 1183255232
1183255936 1183256192
1183259584 1183259840
1183264192 1183264448
1183267840 1183268096
1183268672 1183268928
1183278592 1183278848
1183290880 1183291136
1183291456 1183291712
1183292288 1183292544
1183292544 1183292800
1183334912 1183335168
1183344768 1183345024
1183351296 1183351552
1183354752 1183355008
1183356928 1183357184
1184033792 1184034048
1184034112 1184034368
1184035264 1184035520
1184035968 1184036224
1184038912 1184039168
1184040384 1184040640
1184042048 1184042304
1184044992 1184045248
1184047552 1184047808
1184050816 1184051072
1184051840 1184052096
1184057472 1184057728
1184103424 1184103680
1184154368 1184154624
1184164992 1184165248
1184168000 1184168256
1184177216 1184177472
1184184320 1184184576
1184184384 1184184640
1184192256 1184192512
1184210112 1184210368
1184482176 1184482432
1184495168 1184495424
1184497536 1184497792
1184504128 1184504384
1184506624 1184506880
1184506816 1184507072
1184506816 1184507072
1184507008 1184507264
1184518080 1184518336
1184520256 1184520512
1184520256 1184520512
1184520256 1184520512
1184540672 1184540928
1184541312 1184541568
1184544000 1184544256
1184547328 1184547584
1184548352 1184548608
1184550912 1184551168
1184589824 1184590080
1184597952 1184598208
1184598464 1184598720
1184617856 1184618112
1184617920 1184618176
1184620096 1184620352
1184620800 1184621056
1184620800 1184621056
1184620800 1184621056
1184621824 1184622080
1184625728 1184625984
1184651840 1184652096
1184674880 1184675136
1184675072 1184675328
1184675648 1184675904
1184680384 1184680640
1184691072 1184691328
1184696960 1184697216
1184741568 1184741824
1184744192 1184744448
1184750912 1184751168
1184784256 1184784512
1184795328 1184795584
1184808192 1184808448
1184808512 1184808768
1184852480 1184852736
1184857472 1184857728
1184858624 1184858880
1184860864 1184861120
1184862848 1184863104
1184873536 1184873792
1184886080 1184886336
1184886464 1184886720
1184887040 1184887296
1184897152 1184897408
1184897408 1184897664
1184902336 1184902592
1184904384 1184904640
1184918720 1184918976
1184936448 1184936704
1184937472 1184937728
1184938880 1184939136
1184938880 1184939136
1184940608 1184940864
1184944128 1184944384
1184945856 1184946112
1184946496 1184946752
1184950720 1184950976
1184950720 1184950976
1184950720 1184950976
1184950784 1184951040
1184950784 1184951040
1184950848 1184951104
1184950912 1184951168
1184950912 1184951168
1184961152 1184961408
1184961152 1184961408
1184972480 1184972736
1184972480 1184972736
1184983808 1184984064
1185084736 1185084992
1185092160 1185092416
1185145920 1185146176
1185148480 1185148736
1185149120 1185149376
1185149184 1185149440
1185152064 1185152320
1185185024 1185185280
1185185088 1185185344
1185189952 1185190208
1185196032 1185196288
1185200768 1185201024
1185205376 1185205632
1185210880 1185211136
1185247040 1185247296
1185247040 1185247296
1185247040 1185247296
1185249408 1185249664
1185253888 1185254144
1185254656 1185254912
1185256256 1185256512
1185256896 1185257152
1185260032 1185260288
1185260032 1185260288
1185263104 1185263360
1185264000 1185264256
1185265536 1185265792
1185269568 1185269824
1185269568 1185269824
1185269888 1185270144
1185271808 1185272064
1185273984 1185274240
1185274624 1185274880
1185275840 1185276096
1185276160 1185276416
1185277760 1185278016
1185277952 1185278208
1185278592 1185278848
1185278848 1185279104
1185281152 1185281408
1185282496 1185282752
1185283712 1185283968
1185283904 1185284160
1185284032 1185284288
1185286592 1185286848
1185286592 1185286848
1185289600 1185289856
1185289600 1185289856
1185289728 1185289984
1185292160 1185292416
1185293056 1185293312
1185297536 1185297792
1185348480 1185348736
1185349376 1185349632
1185349568 1185349824
1185350528 1185350784
1185356992 1185357248
1185362816 1185363072
1185366848 1185367104
1185367680 1185367936
1185382784 1185383040
1185382848 1185383104
1185385216 1185385472
1185389632 1185389888
1185390656 1185390912
1185391424 1185391680
1185432256 1185432512
1185449728 1185449984
1185452800 1185453056
1185460672 1185460928
1185464448 1185464704
1185474112 1185474368
1185507584 1185507840
1185511680 1185511936
1185511936 1185512192
1185520128 1185520384
1185525952 1185526208
1185531456 1185531712
1185540096 1185540352
1185544896 1185545152
1185564672 1185564928
1185591424 1185591680
1185591488 1185591744
1185591488 1185591744
1185594752 1185595008
1185595072 1185595328
1185666432 1185666688
1185670272 1185670528
1185681280 1185681536
1185682368 1185682624
1185690624 1185690880
1185706496 1185706752
1185706688 1185706944
1185717120 1185717376
1185754816 1185755072
1185755584 1185755840
1185767360 1185767616
1185768000 1185768256
1185769280 1185769536
1185770112 1185770368
1185770240 1185770496
1185780288 1185780544
1185782464 1185782720
1185790016 1185790272
1185798848 1185799104
1185809408 1185809664
1185810560 1185810816
1185835968 1185836224
1185847104 1185847360
1185859264 1185859520
1185859392 1185859648
1185869760 1185870016
1185889344 1185889600
1185934592 1185934848
1185940992 1185941248
1185942784 1185943040
1185946688 1185946944
1185946688 1185946944
1185957504 1185957760
1185958208 1185958464
1185972288 1185972544
1185975040 1185975296
1185976704 1185976960
1185986880 1185987136
1185986880 1185987136
1185986880 1185987136
1185988864 1185989120
1185991616 1185991872
1185992512 1185992768
1186007744 1186008000
1186009792 1186010048
1186021376 1186021632
1186028352 1186028608
1186029056 1186029312
1186029568 1186029824
1186049088 1186049344
1186049088 1186049344
1186062656 1186062912
1186072704 1186072960
1186093888 1186094144
1186104256 1186104512
1186105280 1186105536
1186105472 1186105728
1186105536 1186105792
1186112000 1186112256
1186112384 1186112640
1186113216 1186113472
1186125760 1186126016
1186127744 1186128000
1186130176 1186130432
1186149056 1186149312
1186154304 1186154560
1186158464 1186158720
1186160064 1186160320
1186162496 1186162752
1186162880 1186163136
1186164288 1186164544
1186164672 1186164928
1186170560 1186170816
1186173504 1186173760
1186215424 1186215680
1186228096 1186228352
1186233152 1186233408
1186297088 1186297344
1186298432 1186298688
1186299520 1186299776
1186300672 1186300928
1186302336 1186302592
1186307968 1186308224
1186315648 1186315904
1186316032 1186316288
1186318656 1186318912
1186319808 1186320064
1186326912 1186327168
1186353920 1186354176
1186356992 1186357248
1186363584 1186363840
1186365440 1186365696
1186369536 1186369792
1186370944 1186371200
1186379008 1186379264
1186383744 1186384000
1186385664 1186385920
1186391872 1186392128
1186391872 1186392128
1186399104 1186399360
1186413184 1186413440
1186415424 1186415680
1186448704 1186448960
1186448704 1186448960
1186448704 1186448960
1186449344 1186449600
1186455040 1186455296
1186461952 1186462208
1186462784 1186463040
1186467072 1186467328
1186467136 1186467392
1186484224 1186484480
1186489152 1186489408
1186496320 1186496576
1186498560 1186498816
1186527744 1186528000
1186539904 1186540160
1186543616 1186543872
1186546304 1186546560
1186557184 1186557440
1186557568 1186557824
1186569792 1186570048
1186577088 1186577344
1186587200 1186587456
1186592000 1186592256
1186592384 1186592640
1186592512 1186592768
1186598144 1186598400
1186648064 1186648320
1186653504 1186653760
1186656000 1186656256
1186656768 1186657024
1186658368 1186658624
1186662464 1186662720
1186662528 1186662784
1186664064 1186664320
1186684672 1186684928
1186687424 1186687680
1186687616 1186687872
1186706112 1186706368
1186706112 1186706368
1186706112 1186706368
1186706624 1186706880
1186706816 1186707072
1186712512 1186712768
1186719488 1186719744
1186726208 1186726464
1186741696 1186741952
1186749568 1186749824
1186753472 1186753728
1186754624 1186754880
1186767360 1186767616
1186775104 1186775360
1186804672 1186804928
1186809536 1186809792
1186810624 1186810880
1186813952 1186814208
1186814336 1186814592
1186823104 1186823360
1186833664 1186833920
1186835456 1186835712
1186880384 1186880640
1186882112 1186882368
1186883456 1186883712
1186887232 1186887488
1186887296 1186887552
1186887296 1186887552
1186891008 1186891264
1186918272 1186918528
1186919744 1186920000
1186919808 1186920064
1186929664 1186929920
1186935040 1186935296
1186938176 1186938432
1186960384 1186960640
1186962880 1186963136
1186966976 1186967232
1186973184 1186973440
1186984576 1186984832
1186990336 1186990592
1186998464 1186998720
1187004096 1187004352
1187008704 1187008960
1187014912 1187015168
1187014976 1187015232
1187024256 1187024512
1187037568 1187037824
1187045888 1187046144
1187048064 1187048320
1187051200 1187051456
1187051840 1187052096
1187055360 1187055616
1187084224 1187084480
1187088832 1187089088
1187092160 1187092416
1187098240 1187098496
1187098240 1187098496
1187120128 1187120384
1187135232 1187135488
1187150208 1187150464
1187157632 1187157888
1187163200 1187163456
1187163200 1187163456
1187166208 1187166464
1187182848 1187183104
1187185216 1187185472
1187196160 1187196416
1187200448 1187200704
1187212032 1187212288
1187212160 1187212416
1187212736 1187212992
1187213120 1187213376
1187214912 1187215168
1187218752 1187219008
1187220096 1187220352
1187220096 1187220352
1187222464 1187222720
1187230592 1187230848
1187242752 1187243008
1187249536 1187249792
1187250944 1187251200
1187251520 1187251776
1187259648 1187259904
1187266432 1187266688
1187268928 1187269184
1187271744 1187272000
1187293184 1187293440
1187307520 1187307776
1187313472 1187313728
1187324352 1187324608
1187324480 1187324736
1187329024 1187329280
1187331200 1187331456
1187331904 1187332160
1187333632 1187333888
1187336064 1187336320
1187338816 1187339072
1187341056 1187341312
1187341056 1187341312
1187341120 1187341376
1187365952 1187366208
1187369600 1187369856
1187377344 1187377600
1187379968 1187380224
1187382720 1187382976
1187384384 1187384640
1187385344 1187385600
1187389248 1187389504
1187389952 1187390208
1187389952 1187390208
1187394560 1187394816
1187399808 1187400064
1187399872 1187400128
1187399936 1187400192
1187409216 1187409472
1187411968 1187412224
1187411968 1187412224
1187411968 1187412224
1187423424 1187423680
1187425472 1187425728
1187426240 1187426496
1187430592 1187430848
1187431040 1187431296
1187432576 1187432832
1187432576 1187432832
1187435200 1187435456
1187436480 1187436736
1187438784 1187439040
1187484928 1187485184
1187494016 1187494272
1187501248 1187501504
1187524800 1187525056
1187527488 1187527744
1187527744 1187528000
1187529088 1187529344
1187534528 1187534784
1187538880 1187539136
1187541504 1187541760
1187541568 1187541824
1187548736 1187548992
1187554176 1187554432
1187554560 1187554816
1187560576 1187560832
1187561728 1187561984
1187562112 1187562368
1187568320 1187568576
1187571136 1187571392
1187576064 1187576320
1187578560 1187578816
1187578624 1187578880
1187581632 1187581888
1187591296 1187591552
1187592384 1187592640
1187595520 1187595776
1187596800 1187597056
1187597248 1187597504
1187598400 1187598656
1187598720 1187598976
1187599744 1187600000
1187609984 1187610240
1187613120 1187613376
1187618880 1187619136
1187621952 1187622208
1187639232 1187639488
1187639744 1187640000
1187640512 1187640768
1187640704 1187640960
1187644096 1187644352
1187644544 1187644800
1187649216 1187649472
1187649536 1187649792
1187654336 1187654592
1187682368 1187682624
1187683328 1187683584
1187686144 1187686400
1187699264 1187699520
1187700480 1187700736
1187701888 1187702144
1187708992 1187709248
1187721472 1187721728
1187721984 1187722240
1187724224 1187724480
1187725248 1187725504
