1164685888 1164686144
1164686336 1164686592
1164715072 1164715328
1164719360 1164719616
1164720128 1164720384
1164737280 1164737536
1164739456 1164739712
1164770816 1164771072
1164772032 1164772288
1164773184 1164773440
1164773568 1164773824
1164778112 1164778368
1164778240 1164778496
1164780608 1164780864
1164789184 1164789440
1165068032 1165068288
1165068288 1165068544
1165069632 1165069888
1165071168 1165071424
1165071232 1165071488
1165071232 1165071488
1165116608 1165116864
1165122368 1165122624
1165142720 1165142976
1165160576 1165160832
1165161152 1165161408
1165166400 1165166656
1165373824 1165374080
1165386048 1165386304
1165405120 1165405376
1165407744 1165408000
1165454784 1165455040
1165460864 1165461120
1165460864 1165461120
1165460864 1165461120
1165460864 1165461120
1165461184 1165461440
1165483136 1165483392
1165483520 1165483776
1165485632 1165485888
1165532672 1165532928
1165562240 1165562496
1165563200 1165563456
1165566784 1165567040
1165579200 1165579456
1165580288 1165580544
1165580288 1165580544
1165580288 1165580544
1165580288 1165580544
1165580352 1165580608
1165581312 1165581568
1165584256 1165584512
1165584704 1165584960
1165587072 1165587328
1165589696 1165589952
1165589824 1165590080
1165590528 1165590784
1165620096 1165620352
1165621440 1165621696
1165667776 1165668032
1165669568 1165669824
1165671296 1165671552
1165671424 1165671680
1165703872 1165704128
1165704448 1165704704
1165727936 1165728192
1165729984 1165730240
1165767872 1165768128
1165769024 1165769280
1165776576 1165776832
1165778560 1165778816
1165827200 1165827456
1165896832 1165897088
1165900864 1165901120
1165914304 1165914560
1165965824 1165966080
1165975552 1165975808
1165976256 1165976512
1165987456 1165987712
1165994048 1165994304
1165994048 1165994304
1165994048 1165994304
1165994048 1165994304
1166335936 1166336192
1166336768 1166337024
1166336768 1166337024
1166338880 1166339136
1166342080 1166342336
1166363712 1166363968
1166387776 1166388032
1166394304 1166394560
1166427392 1166427648
1166456000 1166456256
1166481216 1166481472
1168132608 1168132864
1168221056 1168221312
1168232128 1168232384
1168233344 1168233600
1168250048 1168250304
1168252608 1168252864
1168252800 1168253056
1168270208 1168270464
1168272000 1168272256
1168272384 1168272640
1168273216 1168273472
1168273280 1168273536
1168273280 1168273536
1168273792 1168274048
1168277952 1168278208
1168280256 1168280512
1168280448 1168280704
1168304064 1168304320
1168306368 1168306624
1168309504 1168309760
1168314944 1168315200
1168334080 1168334336
1168344000 1168344256
1168348672 1168348928
1168348800 1168349056
1168352512 1168352768
1168493888 1168494144
1168498752 1168499008
1168655104 1168655360
1168657856 1168658112
1168659264 1168659520
1168660608 1168660864
1168661568 1168661824
1168661760 1168662016
1168661824 1168662080
1168661824 1168662080
1168662016 1168662272
1168662592 1168662848
1168663552 1168663808
1168663808 1168664064
1168663872 1168664128
1168664768 1168665024
1168665920 1168666176
1168666368 1168666624
1168667776 1168668032
1168667840 1168668096
1168668416 1168668672
1168693824 1168694080
1168693888 1168694144
1168694592 1168694848
1168830528 1168830784
1168865280 1168865536
1168866240 1168866496
1168869248 1168869504
1168883328 1168883584
1168921472 1168921728
1168933184 1168933440
1168937152 1168937408
1168971712 1168971968
1168978112 1168978368
1168981632 1168981888
1168982464 1168982720
1168982592 1168982848
1168988352 1168988608
1169009920 1169010176
1169021312 1169021568
1169021312 1169021568
1169021440 1169021696
1169021440 1169021696
1169023744 1169024000
1169023744 1169024000
1169023744 1169024000
1169038912 1169039168
1169044032 1169044288
1169048320 1169048576
1169048896 1169049152
1169053504 1169053760
1169055168 1169055424
1169069568 1169069824
1169073792 1169074048
1169087488 1169087744
1169087488 1169087744
1169094208 1169094464
1169094656 1169094912
1169210752 1169211008
1169213056 1169213312
1169213888 1169214144
1169214592 1169214848
1169215936 1169216192
1169216192 1169216448
1169216256 1169216512
1169216384 1169216640
1169216384 1169216640
1169217216 1169217472
1169217856 1169218112
1169263616 1169263872
1169269760 1169270016
1169270144 1169270400
1169287872 1169288128
1169299200 1169299456
1169304576 1169304832
1169304832 1169305088
1169304896 1169305152
1169504896 1169505152
1169506944 1169507200
1169510016 1169510272
1169513536 1169513792
1169531648 1169531904
1169544576 1169544832
1169556928 1169557184
1169559680 1169559936
1169559808 1169560064
1169572608 1169572864
1169581760 1169582016
1169615296 1169615552
1169621824 1169622080
1169626176 1169626432
1169628288 1169628544
1169630144 1169630400
1169631616 1169631872
1169639936 1169640192
1169641024 1169641280
1169641408 1169641664
1169643648 1169643904
1169651904 1169652160
1169653568 1169653824
1169654464 1169654720
1169679936 1169680192
1169686464 1169686720
1169686592 1169686848
1169694400 1169694656
1169708608 1169708864
1169709440 1169709696
1169709504 1169709760
1169710080 1169710336
1169714624 1169714880
1169719104 1169719360
1169722688 1169722944
1169724288 1169724544
1169726528 1169726784
1169727552 1169727808
1169783616 1169783872
1169792320 1169792576
1169793984 1169794240
1169793984 1169794240
1169803520 1169803776
1169807936 1169808192
1169816192 1169816448
1169819648 1169819904
1169826368 1169826624
1169827712 1169827968
1169833664 1169833920
1169834048 1169834304
1169846656 1169846912
1169855488 1169855744
1169855744 1169856000
1169873472 1169873728
1169877056 1169877312
1169887232 1169887488
1169896512 1169896768
1169958080 1169958336
1169960448 1169960704
1169960704 1169960960
1169969216 1169969472
1169987072 1169987328
1169990592 1169990848
1169997632 1169997888
1170000000 1170000256
1170067392 1170067648
1170072832 1170073088
1170075072 1170075328
1170080000 1170080256
1170089600 1170089856
1170092992 1170093248
1170100864 1170101120
1170104640 1170104896
1170107072 1170107328
1170143424 1170143680
1170157248 1170157504
1170164416 1170164672
1170166144 1170166400
1170167616 1170167872
1170167744 1170168000
1170203520 1170203776
1170206464 1170206720
1170208320 1170208576
1170220288 1170220544
1170220672 1170220928
1170228800 1170229056
1170231488 1170231744
1170233152 1170233408
1170234176 1170234432
1170250496 1170250752
1170286848 1170287104
1170288064 1170288320
1170296320 1170296576
1170299584 1170299840
1170299776 1170300032
1170300480 1170300736
1170308288 1170308544
1170317376 1170317632
1170317632 1170317888
1170317696 1170317952
1170317696 1170317952
1170321728 1170321984
1170325760 1170326016
1170325952 1170326208
1170341376 1170341632
1170347520 1170347776
1170348736 1170348992
1170348736 1170348992
1170352192 1170352448
1170352896 1170353152
1170354368 1170354624
1170369920 1170370176
1170369920 1170370176
1170387840 1170388096
1170411200 1170411456
1170413568 1170413824
1170413760 1170414016
1170426624 1170426880
1170472704 1170472960
1170497408 1170497664
1170499776 1170500032
1170504320 1170504576
1170510336 1170510592
1170580096 1170580352
1170585408 1170585664
1170596928 1170597184
1170596928 1170597184
1170607936 1170608192
1170610816 1170611072
1170611456 1170611712
1170613184 1170613440
1170622272 1170622528
1170623552 1170623808
1170630144 1170630400
1170632128 1170632384
1170638272 1170638528
1170640448 1170640704
1170640768 1170641024
1170648448 1170648704
1170648768 1170649024
1170660608 1170660864
1170670144 1170670400
1170678144 1170678400
1170679104 1170679360
1170679360 1170679616
1170679360 1170679616
1170680256 1170680512
1170695168 1170695424
1170709248 1170709504
1170713984 1170714240
1170717056 1170717312
1170717952 1170718208
1170731008 1170731264
1170731008 1170731264
1170743616 1170743872
1170744064 1170744320
1170744768 1170745024
1170745152 1170745408
1170763840 1170764096
1170764160 1170764416
1170770752 1170771008
1170788096 1170788352
1170796544 1170796800
1170800960 1170801216
1170833216 1170833472
1170835840 1170836096
1170867008 1170867264
1170867584 1170867840
1170870528 1170870784
1170879616 1170879872
1170883200 1170883456
1170884416 1170884672
1170892032 1170892288
1170900544 1170900800
1170923712 1170923968
1170928000 1170928256
1170928384 1170928640
1170932288 1170932544
1170936384 1170936640
1170936640 1170936896
1170958784 1170959040
1170964416 1170964672
1170967360 1170967616
1170967808 1170968064
1170968832 1170969088
1170969024 1170969280
1170984448 1170984704
1171004288 1171004544
1171005824 1171006080
1171018432 1171018688
1171018816 1171019072
1171024128 1171024384
1171031040 1171031296
1171036928 1171037184
1171038912 1171039168
1171041280 1171041536
1171041600 1171041856
1171050112 1171050368
1171057344 1171057600
1171063040 1171063296
1171068608 1171068864
1171069184 1171069440
1171069184 1171069440
1171080384 1171080640
1171087424 1171087680
1171097152 1171097408
1171098688 1171098944
1171099904 1171100160
1171108864 1171109120
1171109888 1171110144
1171112896 1171113152
1171214208 1171214464
1171214208 1171214464
1171224576 1171224832
1171229440 1171229696
1171230912 1171231168
1171233536 1171233792
1171239296 1171239552
1171252992 1171253248
1171254784 1171255040
1171267456 1171267712
1171269184 1171269440
1171273536 1171273792
1171278720 1171278976
1171279232 1171279488
1171282432 1171282688
1171293568 1171293824
1171295104 1171295360
1171298816 1171299072
1171326464 1171326720
1171333888 1171334144
1171351232 1171351488
1171353856 1171354112
1171362048 1171362304
1171384576 1171384832
1171394752 1171395008
1171395840 1171396096
1171404224 1171404480
1171406400 1171406656
1171406400 1171406656
1171408768 1171409024
1171408896 1171409152
1171416192 1171416448
1171428224 1171428480
1171462208 1171462464
1171462272 1171462528
1171462272 1171462528
1171462272 1171462528
1171462272 1171462528
1171462336 1171462592
1171464128 1171464384
1171464384 1171464640
1171467456 1171467712
1171474048 1171474304
1171478528 1171478784
1171481280 1171481536
1171481280 1171481536
1171486400 1171486656
1171494912 1171495168
1171520640 1171520896
1171522624 1171522880
1171546560 1171546816
1171548096 1171548352
1171548608 1171548864
1171552064 1171552320
1171552128 1171552384
1171552384 1171552640
1171557696 1171557952
1171559040 1171559296
1171560768 1171561024
1171561728 1171561984
1171563328 1171563584
1171563328 1171563584
1171571392 1171571648
1171578944 1171579200
1171592448 1171592704
1171595456 1171595712
1171611904 1171612160
1171612608 1171612864
1171627584 1171627840
1171658176 1171658432
1171662464 1171662720
1171672640 1171672896
1171674816 1171675072
1171681216 1171681472
1171681280 1171681536
1171694208 1171694464
1171703232 1171703488
1171715392 1171715648
1171716608 1171716864
1171717888 1171718144
1171720064 1171720320
1171720448 1171720704
1171720768 1171721024
1171721728 1171721984
1171755584 1171755840
1171760896 1171761152
1171761920 1171762176
1171770560 1171770816
1171771776 1171772032
1171773312 1171773568
1171780800 1171781056
1171789120 1171789376
1171789184 1171789440
1171804160 1171804416
1171813568 1171813824
1171814336 1171814592
1171816896 1171817152
1171879232 1171879488
1171883072 1171883328
1171887424 1171887680
1171889408 1171889664
1171899648 1171899904
1171914496 1171914752
1171927168 1171927424
1171930240 1171930496
1171946880 1171947136
1171950208 1171950464
1171950976 1171951232
1171954880 1171955136
1171955776 1171956032
1171958912 1171959168
1171985472 1171985728
1172041216 1172041472
1172041216 1172041472
1172041280 1172041536
1172058496 1172058752
1172071232 1172071488
1172080768 1172081024
1172089024 1172089280
1172104320 1172104576
1172111872 1172112128
1172113216 1172113472
1172133632 1172133888
1172145984 1172146240
1172168768 1172169024
1172172352 1172172608
1172178432 1172178688
1172179776 1172180032
1172184256 1172184512
1172194112 1172194368
1172194496 1172194752
1172196160 1172196416
1172199936 1172200192
1172202560 1172202816
1172202560 1172202816
1172202624 1172202880
1172206592 1172206848
1172216448 1172216704
1172218688 1172218944
1172222528 1172222784
1172237696 1172237952
1172243264 1172243520
1172248704 1172248960
1172255872 1172256128
1172256896 1172257152
1172257536 1172257792
1172257664 1172257920
1172259904 1172260160
1172260096 1172260352
1172271936 1172272192
1172276928 1172277184
1172305600 1172305856
1172310080 1172310336
1172317376 1172317632
1172322048 1172322304
1172322368 1172322624
1172323904 1172324160
1172325760 1172326016
1172373056 1172373312
1172373504 1172373760
1172386880 1172387136
1172398272 1172398528
1172410624 1172410880
1172430720 1172430976
1172430720 1172430976
1172430784 1172431040
1172447424 1172447680
1172449984 1172450240
1172452544 1172452800
1172456256 1172456512
1172456320 1172456576
1172470912 1172471168
1172471040 1172471296
1172472320 1172472576
1172479552 1172479808
1172480704 1172480960
1172484352 1172484608
1172485184 1172485440
1172486592 1172486848
1172486592 1172486848
1172488768 1172489024
1172496448 1172496704
1172496448 1172496704
1172496896 1172497152
1172529664 1172529920
1172554112 1172554368
1172556480 1172556736
1172563392 1172563648
1172586560 1172586816
1172588736 1172588992
1172592704 1172592960
1172594048 1172594304
1172629504 1172629760
1172632384 1172632640
1172634560 1172634816
1172634624 1172634880
1172642560 1172642816
1172663680 1172663936
1172665280 1172665536
1172666944 1172667200
1172667904 1172668160
1172668416 1172668672
1172671424 1172671680
1172682112 1172682368
1172699584 1172699840
1172699584 1172699840
1172701120 1172701376
1172704320 1172704576
1172720832 1172721088
1172723328 1172723584
1172805440 1172805696
1172820736 1172820992
1172843712 1172843968
1172845952 1172846208
1172847296 1172847552
1172880192 1172880448
1172880896 1172881152
1172889984 1172890240
1172893760 1172894016
1172909184 1172909440
1172919232 1172919488
1172920128 1172920384
1172921216 1172921472
1172926528 1172926784
1172966080 1172966336
1172966080 1172966336
1172966080 1172966336
1172966080 1172966336
1172966528 1172966784
1172966528 1172966784
1172966848 1172967104
1172967552 1172967808
1172969856 1172970112
1172970624 1172970880
1172970816 1172971072
1172970816 1172971072
1172988608 1172988864
1172992064 1172992320
1173063488 1173063744
1173075200 1173075456
1173077056 1173077312
1173080576 1173080832
1173094912 1173095168
1173096704 1173096960
1173097024 1173097280
1173097152 1173097408
1173104960 1173105216
1173108992 1173109248
1173109504 1173109760
1173112448 1173112704
1173152256 1173152512
1173157824 1173158080
1173158272 1173158528
1173178560 1173178816
1173194112 1173194368
1173198848 1173199104
1173220352 1173220608
1173229696 1173229952
1173235968 1173236224
1173238016 1173238272
1173247808 1173248064
1173250304 1173250560
1173256192 1173256448
1173258240 1173258496
1173262592 1173262848
1173263296 1173263552
1173273792 1173274048
1173282944 1173283200
1173283520 1173283776
1173287424 1173287680
1173288064 1173288320
1173289024 1173289280
