1172113334 1172113398
1187015082 1187015146
1181969850 1181969914
1176708745 1176708809
1173256337 1173256401
1171481389 1171481453
1165778688 1165778752
1172665404 1172665468
1183351418 1183351482
1171681409 1171681473
1182385810 1182385874
1173659523 1173659587
1183189701 1183189765
1182223440 1182223504
1185682465 1185682529
1175781861 1175781925
1185512036 1185512100
1174662579 1174662643
1172820832 1172820896
1175407602 1175407666
1168662722 1168662786
1184904480 1184904544
1187259803 1187259867
1168270362 1168270426
1173109633 1173109697
1175041679 1175041743
1177739507 1177739571
1185282592 1185282656
1168660718 1168660782
1182693970 1182694034
1168658013 1168658077
1172699721 1172699785
1187430723 1187430787
1181206669 1181206733
1174257420 1174257484
1171703351 1171703415
1169559943 1169560007
1174733162 1174733226
1186448827 1186448891
1173708913 1173708977
1172663834 1172663898
1187596941 1187597005
1176262031 1176262095
1171295262 1171295326
1182281049 1182281113
1170093088 1170093152
1169216357 1169216421
1181844707 1181844771
1173704344 1173704408
1187242876 1187242940
1181490176 1181490240
1181020390 1181020454
1186105690 1186105754
1174030701 1174030765
1187212173 1187212237
1186154401 1186154465
1169654589 1169654653
1183267947 1183268011
1165563307 1165563371
1175990879 1175990943
1177133776 1177133840
1174941448 1174941512
1174713324 1174713388
1184951053 1184951117
1176984631 1176984695
1183204882 1183204946
1183050702 1183050766
1181875539 1181875603
1172248856 1172248920
1177290794 1177290858
1169727706 1169727770
1177820160 1177820224
1184618031 1184618095
1168661923 1168661987
1175011946 1175012010
1184950825 1184950889
1165827304 1165827368
1175295718 1175295782
1186413281 1186413345
1185247150 1185247214
1181326334 1181326398
1185278725 1185278789
1173485406 1173485470
1174946017 1174946081
1174899453 1174899517
1168344101 1168344165
1181851548 1181851612
1171229543 1171229607
1184036118 1184036182
1168978247 1168978311
1169213188 1169213252
1168869356 1168869420
1171522746 1171522810
1171279333 1171279397
1175240037 1175240101
1175763910 1175763974
1173077209 1173077273
1173888719 1173888783
1185958343 1185958407
1184051960 1184052024
1174697093 1174697157
1169510168 1169510232
1170745262 1170745326
1181200305 1181200369
1172398413 1172398477
1186399223 1186399287
1184495282 1184495346
1169794134 1169794198
1186749715 1186749779
1178224789 1178224853
1177148809 1177148873
1187324605 1187324669
1184165130 1184165194
1173703810 1173703874
1183251635 1183251699
1182461975 1182462039
1170286969 1170287033
1182357060 1182357124
1173685876 1173685940
1186973315 1186973379
1177080383 1177080447
1171927284 1171927348
1182728064 1182728128
1186543741 1186543805
1171718007 1171718071
1171113037 1171113101
1184675777 1184675841
1174821011 1174821075
1186569913 1186569977
1172112005 1172112069
1184551023 1184551087
1176317612 1176317676
1170208477 1170208541
1181002377 1181002441
1172325863 1172325927
1186809682 1186809746
1187649327 1187649391
1177247809 1177247873
1165965977 1165966041
1171720905 1171720969
1176414161 1176414225
1178157296 1178157360
1174644220 1174644284
1172089148 1172089212
1187571242 1187571306
1173229793 1173229857
1165461009 1165461073
1171108984 1171109048
1174092077 1174092141
1174408950 1174409014
1181647678 1181647742
1173885869 1173885933
1187008850 1187008914
1187527867 1187527931
1171612004 1171612068
1172450134 1172450198
1186984680 1186984744
1174080128 1174080192
1186496452 1186496516
1182651423 1182651487
1168494043 1168494107
1176024339 1176024403
1173473732 1173473796
1185767482 1185767546
1169641557 1169641621
1170411337 1170411401
1187541707 1187541771
1187576187 1187576251
1169216048 1169216112
1170879771 1170879835
1165142858 1165142922
1174791007 1174791071
1187163321 1187163385
1184751033 1184751097
1182699789 1182699853
1170623689 1170623753
1176334901 1176334965
1185836069 1185836133
1185149238 1185149302
1185782599 1185782663
1171755713 1171755777
1173885877 1173885941
1181859897 1181859961
1186592498 1186592562
1183120098 1183120162
1175819719 1175819783
1169048455 1169048519
1168273405 1168273469
1169069675 1169069739
1187683464 1187683528
1165769144 1165769208
1174585739 1174585803
1174772266 1174772330
1172471188 1172471252
1181772026 1181772090
1177417435 1177417499
1182329135 1182329199
1173394152 1173394216
1174408904 1174408968
1177035521 1177035585
1187597353 1187597417
1175457761 1175457825
1184784402 1184784466
1173793733 1173793797
1168132705 1168132769
1170348870 1170348934
1187369702 1187369766
1175031068 1175031132
1172172509 1172172573
1173797909 1173797973
1185755682 1185755746
1185847236 1185847300
1187307622 1187307686
1165579312 1165579376
1176775136 1176775200
1184961259 1184961323
1183033611 1183033675
1186072804 1186072868
1186302487 1186302551
1169023863 1169023927
1169722822 1169722886
1170640871 1170640935
1177045628 1177045692
1177140447 1177140511
1184937590 1184937654
1171955934 1171955998
1169544699 1169544763
1186664164 1186664228
1186392009 1186392073
1177981932 1177981996
1171627695 1171627759
1187686243 1187686307
1170203654 1170203718
1168221203 1168221267
1177307463 1177307527
1185666547 1185666611
1172277042 1172277106
1175778865 1175778929
1171914607 1171914671
1169217961 1169218025
1168866382 1168866446
1174232968 1174233032
1172485284 1172485348
1187336205 1187336269
1175481376 1175481440
1170610926 1170610990
1186094009 1186094073
1184744288 1184744352
1171024258 1171024322
1171681371 1171681435
1173687287 1173687351
1182910731 1182910795
1187435334 1187435398
1171406531 1171406595
1185988974 1185989038
1173789755 1173789819
1183173163 1183173227
1165069778 1165069842
1171004387 1171004451
1184950886 1184950950
1182308522 1182308586
1174559603 1174559667
1168865391 1168865455
1181258529 1181258593
1171771905 1171771969
1174487334 1174487398
1174616474 1174616538
1173825134 1173825198
1187251632 1187251696
1173816935 1173816999
1175469687 1175469751
1175789801 1175789865
1173158389 1173158453
1177094637 1177094701
1187412091 1187412155
1176893175 1176893239
1169626301 1169626365
1176047664 1176047728
1175732090 1175732154
1187218848 1187218912
1170080151 1170080215
1168252937 1168253001
1186648223 1186648287
1184983933 1184983997
1171720211 1171720275
1172041389 1172041453
1172373659 1172373723
1175463068 1175463132
1176970737 1176970801
1165671421 1165671485
1172479670 1172479734
1177532531 1177532595
1170660748 1170660812
1165584405 1165584469
1186363688 1186363752
1184184434 1184184498
1168250148 1168250212
1184168109 1184168173
1182401635 1182401699
1183117160 1183117224
1171231019 1171231083
1175871453 1175871517
1175239413 1175239477
1175074192 1175074256
1174669641 1174669705
1181254515 1181254579
1187341261 1187341325
1184589949 1184590013
1173157948 1173158012
1177417491 1177417555
1186498698 1186498762
1175341774 1175341838
1169021458 1169021522
1173095031 1173095095
1168273935 1168273999
1187157768 1187157832
1185264159 1185264223
1171005969 1171006033
1181188976 1181189040
1173520263 1173520327
1174727317 1174727381
1168304206 1168304270
1185992657 1185992721
1176250197 1176250261
1171789324 1171789388
1185190092 1185190156
1185934717 1185934781
1174088813 1174088877
1173860772 1173860836
1182466160 1182466224
1186158568 1186158632
1187385446 1187385510
1174204692 1174204756
1171674921 1171674985
1181659830 1181659894
1173673065 1173673129
1169214044 1169214108
1173178666 1173178730
1170883329 1170883393
1172178567 1172178631
1175901162 1175901226
1176275641 1176275705
1171816998 1171817062
1175239396 1175239460
1172594160 1172594224
1172967692 1172967756
1181056069 1181056133
1175334085 1175334149
1172430831 1172430895
1181628733 1181628797
1182910756 1182910820
1172243413 1172243477
1176889216 1176889280
1171018545 1171018609
1174408966 1174409030
1173435916 1173435980
1173283065 1173283129
1176855075 1176855139
1170717193 1170717257
1186706944 1186707008
1186049232 1186049296
1182468906 1182468970
1186883591 1186883655
1170206594 1170206658
1185200873 1185200937
1164780704 1164780768
1175725589 1175725653
1170613343 1170613407
1185859522 1185859586
1185289839 1185289903
1183290994 1183291058
1182874613 1182874677
1187182966 1187183030
1185591573 1185591637
1184944250 1184944314
1184482310 1184482374
1170299735 1170299799
1176961719 1176961783
1168348787 1168348851
1176803813 1176803877
1182001170 1182001234
1174210912 1174210976
1171282533 1171282597
1181627978 1181628042
1171946989 1171947053
1181813858 1181813922
1183113420 1183113484
1172255975 1172256039
1175932651 1175932715
1176974508 1176974572
1168306509 1168306573
1175745932 1175745996
1170968963 1170969027
1185284018 1185284082
1185275961 1185276025
1172668527 1172668591
1171098813 1171098877
1174455316 1174455380
1183236959 1183237023
1171462390 1171462454
1186164403 1186164467
1171057501 1171057565
1174540888 1174540952
1182470450 1182470514
1186297205 1186297269
1186887359 1186887423
1185185233 1185185297
1181717134 1181717198
1177215462 1177215526
1176039492 1176039556
1169846779 1169846843
1181132088 1181132152
1174127223 1174127287
1172919331 1172919395
1176342097 1176342161
1187613239 1187613303
1165460995 1165461059
1183045927 1183045991
1176969260 1176969324
1183248384 1183248448
1184177342 1184177406
1186318797 1186318861
1177666139 1177666203
1168667988 1168668052
1175789780 1175789844
1185531573 1185531637
1181782170 1181782234
1175890533 1175890597
1174122214 1174122278
1183105220 1183105284
1172200092 1172200156
1171658318 1171658382
1171416337 1171416401
1175003193 1175003257
1185148629 1185148693
1174816996 1174817060
1183092072 1183092136
1174572966 1174573030
1170936513 1170936577
1174101187 1174101251
1184950882 1184950946
1185205509 1185205573
1169505028 1169505092
1186687752 1186687816
1186062790 1186062854
1175861093 1175861157
1187400025 1187400089
1184506954 1184507018
1177855966 1177856030
1187554683 1187554747
1165671569 1165671633
1183019628 1183019692
1184192388 1184192452
1174009979 1174010043
1184897299 1184897363
1187610106 1187610170
1165386192 1165386256
1165454929 1165454993
1170250609 1170250673
1169039067 1169039131
1172966189 1172966253
1182908383 1182908447
1187501361 1187501425
1168921607 1168921671
1181330709 1181330773
1185092259 1185092323
1182808753 1182808817
1174619369 1174619433
1175191150 1175191214
1187599850 1187599914
1170969121 1170969185
1173283627 1173283691
1181544577 1181544641
1171253093 1171253157
1170220805 1170220869
1182748593 1182748657
1169507094 1169507158
1170347627 1170347691
1169087607 1169087671
1182371115 1182371179
1186455190 1186455254
1173825184 1173825248
1174898925 1174898989
1187222607 1187222671
1186357145 1186357209
1168830632 1168830696
1176935687 1176935751
1170731145 1170731209
1171662575 1171662639
1181675901 1181675965
1172216598 1172216662
1181536415 1181536479
1184548467 1184548531
1172322511 1172322575
1166336909 1166336973
1171720575 1171720639
1170317777 1170317841
1175105793 1175105857
1175482146 1175482210
1170353018 1170353082
1174052815 1174052879
1168252743 1168252807
1169073918 1169073982
1171464243 1171464307
1187485028 1187485092
1176461591 1176461655
1186125918 1186125982
1174502368 1174502432
1173693380 1173693444
1174433506 1174433570
1181256869 1181256933
1184033924 1184033988
1170354496 1170354560
1171950338 1171950402
1164773691 1164773755
1187640824 1187640888
1172556578 1172556642
1176320059 1176320123
1184862973 1184863037
1175990076 1175990140
1176434332 1176434396
1181705969 1181706033
1173505859 1173505923
1183036126 1183036190
1187200576 1187200640
1174240810 1174240874
1164772177 1164772241
1181339405 1181339469
1170884550 1170884614
1181720345 1181720409
1186706733 1186706797
1181020708 1181020772
1168655200 1168655264
1181680194 1181680258
1172847433 1172847497
1177850124 1177850188
1173780853 1173780917
1177041303 1177041367
1187333791 1187333855
1169304718 1169304782
1178281438 1178281502
1178159107 1178159171
1181180785 1181180849
1178115717 1178115781
1172890129 1172890193
1172041356 1172041420
1175241003 1175241067
1187084325 1187084389
1172926652 1172926716
1176915596 1176915660
1172992203 1172992267
1175577296 1175577360
1176334001 1176334065
1182701166 1182701230
1172671529 1172671593
1169628429 1169628493
1173974462 1173974526
1175329560 1175329624
1181671468 1181671532
1165896972 1165897036
1185196149 1185196213
1187332015 1187332079
1165461292 1165461356
1181767537 1181767601
1186163007 1186163071
1177666971 1177667035
1170638405 1170638469
1170321858 1170321922
1168273327 1168273391
1183226393 1183226457
1185348583 1185348647
1170958902 1170958966
1181677626 1181677690
1172893871 1172893935
1176636254 1176636318
1171579058 1171579122
1184544103 1184544167
1176238321 1176238385
1185278960 1185279024
1171813673 1171813737
1187015030 1187015094
1168971829 1168971893
1185464544 1185464608
1176018685 1176018749
1181556070 1181556134
1172720942 1172721006
1174499637 1174499701
1181985576 1181985640
1176432973 1176433037
1185269713 1185269777
1176485618 1176485682
1183357026 1183357090
1183220762 1183220826
1175768603 1175768667
1186105393 1186105457
1172194269 1172194333
1171887537 1171887601
1170426778 1170426842
1176866174 1176866238
1172430910 1172430974
1169855634 1169855698
1175389484 1175389548
1171495039 1171495103
1182800746 1182800810
1175717802 1175717866
1171462440 1171462504
1181544108 1181544172
1168982719 1168982783
1186990442 1186990506
1182939807 1182939871
1187591410 1187591474
1182892648 1182892712
1169783736 1169783800
1174885559 1174885623
1172071334 1172071398
1168667915 1168667979
1186369667 1186369731
1168315065 1168315129
1175781180 1175781244
1187055486 1187055550
1176401091 1176401155
1170867742 1170867806
1172921367 1172921431
1172133774 1172133838
1182428280 1182428344
1175621599 1175621663
1187046029 1187046093
1186315745 1186315809
1187390068 1187390132
1182872988 1182873052
1187654446 1187654510
1171889556 1171889620
1172970006 1172970070
1187293339 1187293403
1181882530 1181882594
1171478645 1171478709
1184857572 1184857636
1172667056 1172667120
1170341509 1170341573
1184154473 1184154537
1176222702 1176222766
1177282535 1177282599
1181124806 1181124870
1186049227 1186049291
1176412132 1176412196
1170348840 1170348904
1169808062 1169808126
1170678257 1170678321
1172704445 1172704509
1181532168 1181532232
1187196303 1187196367
1172846070 1172846134
1172909332 1172909396
1176497856 1176497920
1187213236 1187213300
1185350674 1185350738
1187725375 1187725439
1182436793 1182436857
1178148273 1178148337
1174793505 1174793569
1175870659 1175870723
1187524907 1187524971
1181188817 1181188881
1172699740 1172699804
1171770701 1171770765
1184873643 1184873707
1173785720 1173785784
1172305704 1172305768
1182865953 1182866017
1183179760 1183179824
1172041341 1172041405
1181446539 1181446603
1173457939 1173458003
1172970767 1172970831
1171595556 1171595620
1176974963 1176975027
1170233270 1170233334
1182932436 1182932500
1173247954 1173248018
1173439991 1173440055
