1164685888 1164686144
1164686336 1164686592
1164715072 1164715328
1164719360 1164719616
1164720128 1164720384
1164737280 1164737536
1164739456 1164739712
1164770816 1164771072
1164772032 1164772288
1164773184 1164773440
1164773568 1164773824
1164778112 1164778368
1164778240 1164778496
1164780608 1164780864
1164789184 1164789440
1165068032 1165068288
1165068288 1165068544
1165069632 1165069888
1165071168 1165071424
1165071232 1165071488
1165071232 1165071488
1165116608 1165116864
1165122368 1165122624
1165142720 1165142976
1165160576 1165160832
1165161152 1165161408
1165166400 1165166656
1165373824 1165374080
1165386048 1165386304
1165405120 1165405376
1165407744 1165408000
1165454784 1165455040
1165460864 1165461120
1165460864 1165461120
1165460864 1165461120
1165460864 1165461120
1165461184 1165461440
1165483136 1165483392
1165483520 1165483776
1165485632 1165485888
1165532672 1165532928
1165562240 1165562496
1165563200 1165563456
1165566784 1165567040
1165579200 1165579456
1165580288 1165580544
1165580288 1165580544
1165580288 1165580544
1165580288 1165580544
1165580352 1165580608
1165581312 1165581568
1165584256 1165584512
1165584704 1165584960
1165587072 1165587328
1165589696 1165589952
1165589824 1165590080
1165590528 1165590784
1165620096 1165620352
1165621440 1165621696
1165667776 1165668032
1165669568 1165669824
1165671296 1165671552
1165671424 1165671680
1165703872 1165704128
1165704448 1165704704
1165727936 1165728192
1165729984 1165730240
1165767872 1165768128
1165769024 1165769280
1165776576 1165776832
1165778560 1165778816
1165827200 1165827456
1165896832 1165897088
1165900864 1165901120
1165914304 1165914560
1165965824 1165966080
1165975552 1165975808
1165976256 1165976512
1165987456 1165987712
1165994048 1165994304
1165994048 1165994304
1165994048 1165994304
1165994048 1165994304
1166335936 1166336192
1166336768 1166337024
1166336768 1166337024
1166338880 1166339136
1166342080 1166342336
1166363712 1166363968
1166387776 1166388032
1166394304 1166394560
1166427392 1166427648
1166456000 1166456256
1166481216 1166481472
1168132608 1168132864
1168221056 1168221312
1168232128 1168232384
1168233344 1168233600
1168250048 1168250304
1168252608 1168252864
1168252800 1168253056
1168270208 1168270464
1168272000 1168272256
1168272384 1168272640
1168273216 1168273472
1168273280 1168273536
1168273280 1168273536
1168273792 1168274048
1168277952 1168278208
1168280256 1168280512
1168280448 1168280704
1168304064 1168304320
1168306368 1168306624
1168309504 1168309760
1168314944 1168315200
1168334080 1168334336
1168344000 1168344256
1168348672 1168348928
1168348800 1168349056
1168352512 1168352768
1168493888 1168494144
1168498752 1168499008
1168655104 1168655360
1168657856 1168658112
1168659264 1168659520
1168660608 1168660864
1168661568 1168661824
1168661760 1168662016
1168661824 1168662080
1168661824 1168662080
1168662016 1168662272
1168662592 1168662848
1168663552 1168663808
1168663808 1168664064
1168663872 1168664128
1168664768 1168665024
1168665920 1168666176
1168666368 1168666624
1168667776 1168668032
1168667840 1168668096
1168668416 1168668672
1168693824 1168694080
1168693888 1168694144
1168694592 1168694848
1168830528 1168830784
1168865280 1168865536
1168866240 1168866496
1168869248 1168869504
1168883328 1168883584
1168921472 1168921728
1168933184 1168933440
1168937152 1168937408
1168971712 1168971968
1168978112 1168978368
1168981632 1168981888
1168982464 1168982720
1168982592 1168982848
1168988352 1168988608
1169009920 1169010176
1169021312 1169021568
1169021312 1169021568
1169021440 1169021696
1169021440 1169021696
1169023744 1169024000
1169023744 1169024000
1169023744 1169024000
1169038912 1169039168
1169044032 1169044288
1169048320 1169048576
1169048896 1169049152
1169053504 1169053760
1169055168 1169055424
1169069568 1169069824
1169073792 1169074048
1169087488 1169087744
1169087488 1169087744
1169094208 1169094464
1169094656 1169094912
1169210752 1169211008
1169213056 1169213312
1169213888 1169214144
1169214592 1169214848
1169215936 1169216192
1169216192 1169216448
1169216256 1169216512
1169216384 1169216640
1169216384 1169216640
1169217216 1169217472
1169217856 1169218112
1169263616 1169263872
1169269760 1169270016
1169270144 1169270400
1169287872 1169288128
1169299200 1169299456
1169304576 1169304832
1169304832 1169305088
1169304896 1169305152
1169504896 1169505152
1169506944 1169507200
1169510016 1169510272
1169513536 1169513792
1169531648 1169531904
1169544576 1169544832
1169556928 1169557184
1169559680 1169559936
1169559808 1169560064
1169572608 1169572864
1169581760 1169582016
1169615296 1169615552
1169621824 1169622080
1169626176 1169626432
1169628288 1169628544
1169630144 1169630400
1169631616 1169631872
1169639936 1169640192
1169641024 1169641280
1169641408 1169641664
1169643648 1169643904
1169651904 1169652160
1169653568 1169653824
1169654464 1169654720
1169679936 1169680192
1169686464 1169686720
1169686592 1169686848
1169694400 1169694656
1169708608 1169708864
1169709440 1169709696
1169709504 1169709760
1169710080 1169710336
1169714624 1169714880
1169719104 1169719360
1169722688 1169722944
1169724288 1169724544
1169726528 1169726784
1169727552 1169727808
1169783616 1169783872
1169792320 1169792576
1169793984 1169794240
1169793984 1169794240
1169803520 1169803776
1169807936 1169808192
1169816192 1169816448
1169819648 1169819904
1169826368 1169826624
1169827712 1169827968
1169833664 1169833920
1169834048 1169834304
1169846656 1169846912
1169855488 1169855744
1169855744 1169856000
1169873472 1169873728
1169877056 1169877312
1169887232 1169887488
1169896512 1169896768
1169958080 1169958336
1169960448 1169960704
1169960704 1169960960
1169969216 1169969472
1169987072 1169987328
1169990592 1169990848
1169997632 1169997888
1170000000 1170000256
1170067392 1170067648
1170072832 1170073088
1170075072 1170075328
1170080000 1170080256
1170089600 1170089856
1170092992 1170093248
1170100864 1170101120
1170104640 1170104896
1170107072 1170107328
1170143424 1170143680
1170157248 1170157504
1170164416 1170164672
1170166144 1170166400
1170167616 1170167872
1170167744 1170168000
1170203520 1170203776
1170206464 1170206720
1170208320 1170208576
1170220288 1170220544
1170220672 1170220928
1170228800 1170229056
1170231488 1170231744
1170233152 1170233408
1170234176 1170234432
1170250496 1170250752
1170286848 1170287104
1170288064 1170288320
1170296320 1170296576
1170299584 1170299840
1170299776 1170300032
1170300480 1170300736
1170308288 1170308544
1170317376 1170317632
1170317632 1170317888
1170317696 1170317952
1170317696 1170317952
1170321728 1170321984
1170325760 1170326016
1170325952 1170326208
1170341376 1170341632
1170347520 1170347776
1170348736 1170348992
1170348736 1170348992
1170352192 1170352448
1170352896 1170353152
1170354368 1170354624
1170369920 1170370176
1170369920 1170370176
1170387840 1170388096
1170411200 1170411456
1170413568 1170413824
1170413760 1170414016
1170426624 1170426880
1170472704 1170472960
1170497408 1170497664
1170499776 1170500032
1170504320 1170504576
1170510336 1170510592
1170580096 1170580352
1170585408 1170585664
1170596928 1170597184
1170596928 1170597184
1170607936 1170608192
1170610816 1170611072
1170611456 1170611712
1170613184 1170613440
1170622272 1170622528
1170623552 1170623808
1170630144 1170630400
1170632128 1170632384
1170638272 1170638528
1170640448 1170640704
1170640768 1170641024
1170648448 1170648704
1170648768 1170649024
1170660608 1170660864
1170670144 1170670400
1170678144 1170678400
1170679104 1170679360
1170679360 1170679616
1170679360 1170679616
1170680256 1170680512
1170695168 1170695424
1170709248 1170709504
1170713984 1170714240
1170717056 1170717312
1170717952 1170718208
1170731008 1170731264
1170731008 1170731264
1170743616 1170743872
1170744064 1170744320
1170744768 1170745024
1170745152 1170745408
1170763840 1170764096
1170764160 1170764416
1170770752 1170771008
1170788096 1170788352
1170796544 1170796800
1170800960 1170801216
1170833216 1170833472
1170835840 1170836096
1170867008 1170867264
1170867584 1170867840
1170870528 1170870784
1170879616 1170879872
1170883200 1170883456
1170884416 1170884672
1170892032 1170892288
1170900544 1170900800
1170923712 1170923968
1170928000 1170928256
1170928384 1170928640
1170932288 1170932544
1170936384 1170936640
1170936640 1170936896
1170958784 1170959040
1170964416 1170964672
1170967360 1170967616
1170967808 1170968064
1170968832 1170969088
1170969024 1170969280
1170984448 1170984704
1171004288 1171004544
1171005824 1171006080
1171018432 1171018688
1171018816 1171019072
1171024128 1171024384
1171031040 1171031296
1171036928 1171037184
1171038912 1171039168
1171041280 1171041536
1171041600 1171041856
1171050112 1171050368
1171057344 1171057600
1171063040 1171063296
1171068608 1171068864
1171069184 1171069440
1171069184 1171069440
1171080384 1171080640
1171087424 1171087680
1171097152 1171097408
1171098688 1171098944
1171099904 1171100160
1171108864 1171109120
1171109888 1171110144
1171112896 1171113152
1171214208 1171214464
1171214208 1171214464
1171224576 1171224832
1171229440 1171229696
1171230912 1171231168
1171233536 1171233792
1171239296 1171239552
1171252992 1171253248
1171254784 1171255040
1171267456 1171267712
1171269184 1171269440
1171273536 1171273792
1171278720 1171278976
1171279232 1171279488
1171282432 1171282688
1171293568 1171293824
1171295104 1171295360
1171298816 1171299072
1171326464 1171326720
1171333888 1171334144
1171351232 1171351488
1171353856 1171354112
1171362048 1171362304
1171384576 1171384832
1171394752 1171395008
1171395840 1171396096
1171404224 1171404480
1171406400 1171406656
1171406400 1171406656
1171408768 1171409024
1171408896 1171409152
1171416192 1171416448
1171428224 1171428480
1171462208 1171462464
1171462272 1171462528
1171462272 1171462528
1171462272 1171462528
1171462272 1171462528
1171462336 1171462592
1171464128 1171464384
1171464384 1171464640
1171467456 1171467712
1171474048 1171474304
1171478528 1171478784
1171481280 1171481536
1171481280 1171481536
1171486400 1171486656
1171494912 1171495168
1171520640 1171520896
1171522624 1171522880
1171546560 1171546816
1171548096 1171548352
1171548608 1171548864
1171552064 1171552320
1171552128 1171552384
1171552384 1171552640
1171557696 1171557952
1171559040 1171559296
1171560768 1171561024
1171561728 1171561984
1171563328 1171563584
1171563328 1171563584
1171571392 1171571648
1171578944 1171579200
1171592448 1171592704
1171595456 1171595712
1171611904 1171612160
1171612608 1171612864
1171627584 1171627840
1171658176 1171658432
1171662464 1171662720
1171672640 1171672896
1171674816 1171675072
1171681216 1171681472
1171681280 1171681536
1171694208 1171694464
1171703232 1171703488
1171715392 1171715648
1171716608 1171716864
1171717888 1171718144
1171720064 1171720320
1171720448 1171720704
1171720768 1171721024
1171721728 1171721984
1171755584 1171755840
1171760896 1171761152
1171761920 1171762176
1171770560 1171770816
1171771776 1171772032
1171773312 1171773568
1171780800 1171781056
1171789120 1171789376
1171789184 1171789440
1171804160 1171804416
1171813568 1171813824
1171814336 1171814592
1171816896 1171817152
1171879232 1171879488
1171883072 1171883328
1171887424 1171887680
1171889408 1171889664
1171899648 1171899904
1171914496 1171914752
1171927168 1171927424
1171930240 1171930496
1171946880 1171947136
1171950208 1171950464
1171950976 1171951232
1171954880 1171955136
1171955776 1171956032
1171958912 1171959168
1171985472 1171985728
1172041216 1172041472
1172041216 1172041472
1172041280 1172041536
1172058496 1172058752
1172071232 1172071488
1172080768 1172081024
1172089024 1172089280
1172104320 1172104576
1172111872 1172112128
1172113216 1172113472
1172133632 1172133888
1172145984 1172146240
1172168768 1172169024
1172172352 1172172608
1172178432 1172178688
1172179776 1172180032
1172184256 1172184512
1172194112 1172194368
1172194496 1172194752
1172196160 1172196416
1172199936 1172200192
1172202560 1172202816
1172202560 1172202816
1172202624 1172202880
1172206592 1172206848
1172216448 1172216704
1172218688 1172218944
1172222528 1172222784
1172237696 1172237952
1172243264 1172243520
1172248704 1172248960
1172255872 1172256128
1172256896 1172257152
1172257536 1172257792
1172257664 1172257920
1172259904 1172260160
1172260096 1172260352
1172271936 1172272192
1172276928 1172277184
1172305600 1172305856
1172310080 1172310336
1172317376 1172317632
1172322048 1172322304
1172322368 1172322624
1172323904 1172324160
1172325760 1172326016
1172373056 1172373312
1172373504 1172373760
1172386880 1172387136
1172398272 1172398528
1172410624 1172410880
1172430720 1172430976
1172430720 1172430976
1172430784 1172431040
1172447424 1172447680
1172449984 1172450240
1172452544 1172452800
1172456256 1172456512
1172456320 1172456576
1172470912 1172471168
1172471040 1172471296
1172472320 1172472576
1172479552 1172479808
1172480704 1172480960
1172484352 1172484608
1172485184 1172485440
1172486592 1172486848
1172486592 1172486848
1172488768 1172489024
1172496448 1172496704
1172496448 1172496704
1172496896 1172497152
1172529664 1172529920
1172554112 1172554368
1172556480 1172556736
1172563392 1172563648
1172586560 1172586816
1172588736 1172588992
1172592704 1172592960
1172594048 1172594304
1172629504 1172629760
1172632384 1172632640
1172634560 1172634816
1172634624 1172634880
1172642560 1172642816
1172663680 1172663936
1172665280 1172665536
1172666944 1172667200
1172667904 1172668160
1172668416 1172668672
1172671424 1172671680
1172682112 1172682368
1172699584 1172699840
1172699584 1172699840
1172701120 1172701376
1172704320 1172704576
1172720832 1172721088
1172723328 1172723584
1172805440 1172805696
1172820736 1172820992
1172843712 1172843968
1172845952 1172846208
1172847296 1172847552
1172880192 1172880448
1172880896 1172881152
1172889984 1172890240
1172893760 1172894016
1172909184 1172909440
1172919232 1172919488
1172920128 1172920384
1172921216 1172921472
1172926528 1172926784
1172966080 1172966336
1172966080 1172966336
1172966080 1172966336
1172966080 1172966336
1172966528 1172966784
1172966528 1172966784
1172966848 1172967104
1172967552 1172967808
1172969856 1172970112
1172970624 1172970880
1172970816 1172971072
1172970816 1172971072
1172988608 1172988864
1172992064 1172992320
1173063488 1173063744
1173075200 1173075456
1173077056 1173077312
1173080576 1173080832
1173094912 1173095168
1173096704 1173096960
1173097024 1173097280
1173097152 1173097408
1173104960 1173105216
1173108992 1173109248
1173109504 1173109760
1173112448 1173112704
1173152256 1173152512
1173157824 1173158080
1173158272 1173158528
1173178560 1173178816
1173194112 1173194368
1173198848 1173199104
1173220352 1173220608
1173229696 1173229952
1173235968 1173236224
1173238016 1173238272
1173247808 1173248064
1173250304 1173250560
1173256192 1173256448
1173258240 1173258496
1173262592 1173262848
1173263296 1173263552
1173273792 1173274048
1173282944 1173283200
1173283520 1173283776
1173287424 1173287680
1173288064 1173288320
1173289024 1173289280
1173296128 1173296384
1173351744 1173352000
1173355008 1173355264
1173355200 1173355456
1173394048 1173394304
1173408512 1173408768
1173424064 1173424320
1173425984 1173426240
1173435712 1173435968
1173435776 1173436032
1173437952 1173438208
1173439680 1173439936
1173439872 1173440128
1173457792 1173458048
1173473600 1173473856
1173475328 1173475584
1173475648 1173475904
1173477056 1173477312
1173485248 1173485504
1173495680 1173495936
1173499712 1173499968
1173499712 1173499968
1173505728 1173505984
1173515840 1173516096
1173520128 1173520384
1173526848 1173527104
1173527936 1173528192
1173612544 1173612800
1173613376 1173613632
1173652288 1173652544
1173659392 1173659648
1173662592 1173662848
1173665024 1173665280
1173665024 1173665280
1173665856 1173666112
1173667264 1173667520
1173667904 1173668160
1173670144 1173670400
1173672960 1173673216
1173685760 1173686016
1173687168 1173687424
1173693248 1173693504
1173701504 1173701760
1173703680 1173703936
1173704192 1173704448
1173708800 1173709056
1173720192 1173720448
1173720384 1173720640
1173727552 1173727808
1173730496 1173730752
1173732416 1173732672
1173739776 1173740032
1173748672 1173748928
1173757568 1173757824
1173761216 1173761472
1173767872 1173768128
1173780736 1173780992
1173785600 1173785856
1173788288 1173788544
1173789632 1173789888
1173791232 1173791488
1173793600 1173793856
1173793600 1173793856
1173796352 1173796608
1173796992 1173797248
1173797760 1173798016
1173816832 1173817088
1173817344 1173817600
1173819456 1173819712
1173824384 1173824640
1173825024 1173825280
1173825024 1173825280
1173825088 1173825344
1173829696 1173829952
1173833536 1173833792
1173834560 1173834816
1173856320 1173856576
1173860672 1173860928
1173885760 1173886016
1173885760 1173886016
1173886720 1173886976
1173888576 1173888832
1173935360 1173935616
1173940864 1173941120
1173944896 1173945152
1173953344 1173953600
1173966784 1173967040
1173970880 1173971136
1173974336 1173974592
1173987840 1173988096
1173993408 1173993664
1174009856 1174010112
1174021312 1174021568
1174023808 1174024064
1174030592 1174030848
1174038016 1174038272
1174052672 1174052928
1174059648 1174059904
1174080000 1174080256
1174080576 1174080832
1174081024 1174081280
1174086208 1174086464
1174088704 1174088960
1174091968 1174092224
1174094656 1174094912
1174096704 1174096960
1174101056 1174101312
1174122112 1174122368
1174127104 1174127360
1174180608 1174180864
1174180672 1174180928
1174204544 1174204800
1174210816 1174211072
1174212416 1174212672
1174216704 1174216960
1174217280 1174217536
1174219904 1174220160
1174232832 1174233088
1174234880 1174235136
1174240640 1174240896
1174240704 1174240960
1174257280 1174257536
1174270912 1174271168
1174355648 1174355904
1174363712 1174363968
1174373696 1174373952
1174378496 1174378752
1174402624 1174402880
1174407552 1174407808
1174408768 1174409024
1174408832 1174409088
1174408832 1174409088
1174409408 1174409664
1174409472 1174409728
1174413440 1174413696
1174413440 1174413696
1174420096 1174420352
1174433408 1174433664
1174433408 1174433664
1174434048 1174434304
1174453824 1174454080
1174455168 1174455424
1174457472 1174457728
1174457472 1174457728
1174457664 1174457920
1174483648 1174483904
1174486336 1174486592
1174486656 1174486912
1174486784 1174487040
1174486912 1174487168
1174486912 1174487168
1174487232 1174487488
1174487296 1174487552
1174488768 1174489024
1174496576 1174496832
1174496576 1174496832
1174496704 1174496960
1174499520 1174499776
1174499520 1174499776
1174500096 1174500352
1174502272 1174502528
1174505664 1174505920
1174514176 1174514432
1174519552 1174519808
1174540736 1174540992
1174541056 1174541312
1174548736 1174548992
1174559424 1174559680
1174559488 1174559744
1174568000 1174568256
1174568064 1174568320
1174569408 1174569664
1174572864 1174573120
1174573248 1174573504
1174582528 1174582784
1174583424 1174583680
1174585600 1174585856
1174616320 1174616576
1174619264 1174619520
1174634304 1174634560
1174644096 1174644352
1174647872 1174648128
1174662464 1174662720
1174668416 1174668672
1174669504 1174669760
1174670208 1174670464
1174677696 1174677952
1174682560 1174682816
1174692416 1174692672
1174693312 1174693568
1174696960 1174697216
1174697792 1174698048
1174701632 1174701888
1174713216 1174713472
1174726144 1174726400
1174726592 1174726848
1174727168 1174727424
1174733056 1174733312
1174738496 1174738752
1174744064 1174744320
1174772160 1174772416
1174786944 1174787200
1174790848 1174791104
1174793408 1174793664
1174795392 1174795648
1174816768 1174817024
1174816896 1174817152
1174820480 1174820736
1174820864 1174821120
1174822208 1174822464
1174881344 1174881600
1174885440 1174885696
1174897344 1174897600
1174898816 1174899072
1174898816 1174899072
1174898816 1174899072
1174899328 1174899584
1174899328 1174899584
1174899328 1174899584
1174900160 1174900416
1174927296 1174927552
1174941312 1174941568
1174945280 1174945536
1174945920 1174946176
1174947200 1174947456
1174950016 1174950272
1174986432 1174986688
1174992192 1174992448
1174993280 1174993536
1174998272 1174998528
1175002944 1175003200
1175003072 1175003328
1175004672 1175004928
1175008704 1175008960
1175011840 1175012096
1175014848 1175015104
1175015488 1175015744
1175026304 1175026560
1175029312 1175029568
1175030912 1175031168
1175041536 1175041792
1175046016 1175046272
1175074048 1175074304
1175075136 1175075392
1175075904 1175076160
1175104064 1175104320
1175105664 1175105920
1175109312 1175109568
1175141440 1175141696
1175144960 1175145216
1175146432 1175146688
1175147968 1175148224
1175160704 1175160960
1175185408 1175185664
1175191040 1175191296
1175197248 1175197504
1175200000 1175200256
1175207552 1175207808
1175213184 1175213440
1175213248 1175213504
1175238080 1175238336
1175239040 1175239296
1175239296 1175239552
1175239296 1175239552
1175239936 1175240192
1175240896 1175241152
1175268928 1175269184
1175277632 1175277888
1175295616 1175295872
1175296448 1175296704
1175305664 1175305920
1175307712 1175307968
1175309184 1175309440
1175314688 1175314944
1175323776 1175324032
1175326144 1175326400
1175329408 1175329664
1175332288 1175332544
1175333952 1175334208
1175337472 1175337728
1175338176 1175338432
1175341632 1175341888
1175389376 1175389632
1175404928 1175405184
1175407232 1175407488
1175407488 1175407744
1175407488 1175407744
1175407488 1175407744
1175420096 1175420352
1175425344 1175425600
1175428864 1175429120
1175457088 1175457344
1175457664 1175457920
1175462912 1175463168
1175466304 1175466560
1175469568 1175469824
1175473728 1175473984
1175479744 1175480000
1175481280 1175481536
1175482048 1175482304
1175577152 1175577408
1175577472 1175577728
1175594368 1175594624
1175595392 1175595648
1175601600 1175601856
1175618368 1175618624
1175621440 1175621696
1175654272 1175654528
1175656768 1175657024
1175670080 1175670336
1175674688 1175674944
1175681792 1175682048
1175689664 1175689920
1175698240 1175698496
1175717696 1175717952
1175719360 1175719616
1175719424 1175719680
1175725440 1175725696
1175731968 1175732224
1175734336 1175734592
1175744768 1175745024
1175745792 1175746048
1175745792 1175746048
1175763776 1175764032
1175768448 1175768704
1175778688 1175778944
1175778752 1175779008
1175781056 1175781312
1175781760 1175782016
1175783808 1175784064
1175789632 1175789888
1175789632 1175789888
1175789696 1175789952
1175790720 1175790976
1175790720 1175790976
1175798720 1175798976
1175798912 1175799168
1175814080 1175814336
1175816896 1175817152
1175819584 1175819840
1175825088 1175825344
1175830016 1175830272
1175830144 1175830400
1175841280 1175841536
1175851328 1175851584
1175851520 1175851776
1175853312 1175853568
1175856000 1175856256
1175860992 1175861248
1175860992 1175861248
1175865856 1175866112
1175867648 1175867904
1175870144 1175870400
1175870528 1175870784
1175871296 1175871552
1175882752 1175883008
1175889792 1175890048
1175890432 1175890688
1175893440 1175893696
1175899840 1175900096
1175901056 1175901312
1175912896 1175913152
1175932544 1175932800
1175989952 1175990208
1175990720 1175990976
1175996864 1175997120
1176018560 1176018816
1176018624 1176018880
1176022848 1176023104
1176024192 1176024448
1176031936 1176032192
1176039360 1176039616
1176042496 1176042752
1176047552 1176047808
1176047680 1176047936
1176171520 1176171776
1176181504 1176181760
1176199680 1176199936
1176222592 1176222848
1176236352 1176236608
1176237376 1176237632
1176238208 1176238464
1176246528 1176246784
1176246912 1176247168
1176250048 1176250304
1176260352 1176260608
1176261888 1176262144
1176275520 1176275776
1176275968 1176276224
1176306880 1176307136
1176307264 1176307520
1176315008 1176315264
1176317504 1176317760
1176319040 1176319296
1176319936 1176320192
1176333888 1176334144
1176334784 1176335040
1176337088 1176337344
1176341952 1176342208
1176363136 1176363392
1176365824 1176366080
1176370368 1176370624
1176396096 1176396352
1176400960 1176401216
1176403008 1176403264
1176412032 1176412288
1176413568 1176413824
1176414016 1176414272
1176422080 1176422336
1176425152 1176425408
1176432832 1176433088
1176434176 1176434432
1176450752 1176451008
1176461440 1176461696
1176463808 1176464064
1176464256 1176464512
1176477504 1176477760
1176482560 1176482816
1176484672 1176484928
1176485504 1176485760
1176497728 1176497984
1176508800 1176509056
1176523072 1176523328
1176527104 1176527360
1176533504 1176533760
1176545216 1176545472
1176549568 1176549824
1176549952 1176550208
1176622016 1176622272
1176631040 1176631296
1176636096 1176636352
1176636736 1176636992
1176638400 1176638656
1176678400 1176678656
1176698560 1176698816
1176701696 1176701952
1176708608 1176708864
1176724288 1176724544
1176727616 1176727872
1176728000 1176728256
1176731968 1176732224
1176736960 1176737216
1176755392 1176755648
1176773696 1176773952
1176775040 1176775296
1176787968 1176788224
1176799296 1176799552
1176803200 1176803456
1176803712 1176803968
1176814400 1176814656
1176819968 1176820224
1176823424 1176823680
1176824640 1176824896
1176853056 1176853312
1176854976 1176855232
1176864576 1176864832
1176866048 1176866304
1176868864 1176869120
1176872320 1176872576
1176876480 1176876736
1176889088 1176889344
1176892352 1176892608
1176893056 1176893312
1176901056 1176901312
1176901376 1176901632
1176911616 1176911872
1176915456 1176915712
1176915456 1176915712
1176917248 1176917504
1176922816 1176923072
1176935552 1176935808
1176936576 1176936832
1176936576 1176936832
1176938752 1176939008
1176939520 1176939776
1176959488 1176959744
1176961600 1176961856
1176969152 1176969408
1176970624 1176970880
1176974400 1176974656
1176974848 1176975104
1176982848 1176983104
1176984512 1176984768
1176991808 1176992064
1176995008 1176995264
1176998848 1176999104
1177001728 1177001984
1177005760 1177006016
1177016064 1177016320
1177034624 1177034880
1177035392 1177035648
1177041152 1177041408
1177045504 1177045760
1177074752 1177075008
1177080256 1177080512
1177086976 1177087232
1177094528 1177094784
1177125504 1177125760
1177126592 1177126848
1177133632 1177133888
1177134784 1177135040
1177140288 1177140544
1177148672 1177148928
1177158848 1177159104
1177211200 1177211456
1177215360 1177215616
1177225856 1177226112
1177244032 1177244288
1177247680 1177247936
1177254400 1177254656
1177255296 1177255552
1177258048 1177258304
1177282432 1177282688
1177287168 1177287424
1177290688 1177290944
1177295168 1177295424
1177295552 1177295808
1177306240 1177306496
1177307328 1177307584
1177316032 1177316288
1177316608 1177316864
1177316672 1177316928
1177404608 1177404864
1177417280 1177417536
1177417344 1177417600
1177439040 1177439296
1177520320 1177520576
1177532416 1177532672
1177661696 1177661952
1177665984 1177666240
1177666816 1177667072
1177668096 1177668352
1177739392 1177739648
1177740672 1177740928
1177751424 1177751680
1177760832 1177761088
1177797056 1177797312
1177820032 1177820288
1177849984 1177850240
1177849984 1177850240
1177855808 1177856064
1177981824 1177982080
1178066816 1178067072
1178080512 1178080768
1178115584 1178115840
1178116416 1178116672
1178122176 1178122432
1178123264 1178123520
1178123776 1178124032
1178134784 1178135040
1178137408 1178137664
1178147136 1178147392
1178148160 1178148416
1178153984 1178154240
1178154048 1178154304
1178157184 1178157440
1178157312 1178157568
1178158976 1178159232
1178161088 1178161344
1178163392 1178163648
1178179456 1178179712
1178202560 1178202816
1178203904 1178204160
1178206144 1178206400
1178210368 1178210624
1178224320 1178224576
1178224640 1178224896
1178231488 1178231744
1178232192 1178232448
1178281280 1178281536
1178281280 1178281536
1181002240 1181002496
1181002304 1181002560
1181002432 1181002688
1181012096 1181012352
1181018432 1181018688
1181020288 1181020544
1181020608 1181020864
1181048640 1181048896
1181049472 1181049728
1181055936 1181056192
1181124672 1181124928
1181131968 1181132224
1181174784 1181175040
1181180672 1181180928
1181184384 1181184640
1181188672 1181188928
1181188864 1181189120
1181200192 1181200448
1181205120 1181205376
1181206528 1181206784
1181208512 1181208768
1181209408 1181209664
1181239168 1181239424
1181244416 1181244672
1181254400 1181254656
1181256768 1181257024
1181258432 1181258688
1181272512 1181272768
1181275200 1181275456
1181275712 1181275968
1181281728 1181281984
1181290560 1181290816
1181293248 1181293504
1181300160 1181300416
1181326144 1181326400
1181326144 1181326400
1181326144 1181326400
1181326208 1181326464
1181330560 1181330816
1181330560 1181330816
1181338304 1181338560
1181339264 1181339520
1181361152 1181361408
1181363776 1181364032
1181446400 1181446656
1181454272 1181454528
1181480448 1181480704
1181482944 1181483200
1181487808 1181488064
1181490048 1181490304
1181490048 1181490304
1181503424 1181503680
1181507968 1181508224
1181516928 1181517184
1181520320 1181520576
1181532032 1181532288
1181532224 1181532480
1181536256 1181536512
1181541376 1181541632
1181544000 1181544256
1181544448 1181544704
1181555392 1181555648
1181555968 1181556224
1181573952 1181574208
1181577792 1181578048
1181578624 1181578880
1181619136 1181619392
1181627840 1181628096
1181628608 1181628864
1181645760 1181646016
1181647552 1181647808
1181659712 1181659968
1181660096 1181660352
1181669440 1181669696
1181671360 1181671616
1181671808 1181672064
1181675776 1181676032
1181677504 1181677760
1181678528 1181678784
1181680064 1181680320
1181682560 1181682816
1181682752 1181683008
1181684160 1181684416
1181697408 1181697664
1181705856 1181706112
1181709248 1181709504
1181716992 1181717248
1181720192 1181720448
1181767424 1181767680
1181768000 1181768256
1181768960 1181769216
1181769088 1181769344
1181771904 1181772160
1181782016 1181782272
1181784448 1181784704
1181799104 1181799360
1181811072 1181811328
1181813760 1181814016
1181823360 1181823616
1181844608 1181844864
1181851392 1181851648
1181851392 1181851648
1181851648 1181851904
1181859776 1181860032
1181867840 1181868096
1181869376 1181869632
1181875392 1181875648
1181876672 1181876928
1181882432 1181882688
1181912064 1181912320
1181920192 1181920448
1181954176 1181954432
1181956416 1181956672
1181965504 1181965760
1181969728 1181969984
1181971712 1181971968
1181973696 1181973952
1181985280 1181985536
1181985472 1181985728
1182000000 1182000256
1182001024 1182001280
1182220032 1182220288
1182221824 1182222080
1182223296 1182223552
1182232576 1182232832
1182235904 1182236160
1182246976 1182247232
1182249024 1182249280
1182250560 1182250816
1182250688 1182250944
1182253952 1182254208
1182254464 1182254720
1182280896 1182281152
1182288768 1182289024
1182291456 1182291712
1182308416 1182308672
1182325504 1182325760
1182325952 1182326208
1182329024 1182329280
1182341056 1182341312
1182341440 1182341696
1182346816 1182347072
1182347264 1182347520
1182356928 1182357184
1182365248 1182365504
1182371008 1182371264
1182381312 1182381568
1182383040 1182383296
1182385664 1182385920
1182389184 1182389440
1182398208 1182398464
1182399680 1182399936
1182401536 1182401792
1182407936 1182408192
1182419136 1182419392
1182427520 1182427776
1182427584 1182427840
1182428160 1182428416
1182436672 1182436928
1182437760 1182438016
1182445184 1182445440
1182447424 1182447680
1182459968 1182460224
1182461824 1182462080
1182466048 1182466304
1182466112 1182466368
1182468800 1182469056
1182470336 1182470592
1182470976 1182471232
1182500288 1182500544
1182532352 1182532608
1182538432 1182538688
1182543360 1182543616
1182651264 1182651520
1182669952 1182670208
1182678720 1182678976
1182680896 1182681152
1182693824 1182694080
1182698432 1182698688
1182699648 1182699904
1182701056 1182701312
1182711424 1182711680
1182718720 1182718976
1182721664 1182721920
1182724288 1182724544
1182727104 1182727360
1182727936 1182728192
1182748480 1182748736
1182751488 1182751744
1182795264 1182795520
1182800640 1182800896
1182808640 1182808896
1182810944 1182811200
1182818880 1182819136
1182840064 1182840320
1182865856 1182866112
1182872832 1182873088
1182874496 1182874752
1182879296 1182879552
1182890560 1182890816
1182892544 1182892800
1182893824 1182894080
1182908224 1182908480
1182910592 1182910848
1182910656 1182910912
1182913792 1182914048
1182932288 1182932544
1182939648 1182939904
1182941824 1182942080
1182952640 1182952896
1182953216 1182953472
1182956928 1182957184
1182957312 1182957568
1182960064 1182960320
1182967296 1182967552
1183008576 1183008832
1183019520 1183019776
1183022272 1183022528
1183033472 1183033728
1183035968 1183036224
1183043392 1183043648
1183045824 1183046080
1183049600 1183049856
1183050560 1183050816
1183067584 1183067840
1183085568 1183085824
1183091968 1183092224
1183105088 1183105344
1183105728 1183105984
1183112192 1183112448
1183113280 1183113536
1183117056 1183117312
1183120000 1183120256
1183120448 1183120704
1183122944 1183123200
1183131072 1183131328
1183141056 1183141312
1183147392 1183147648
1183160128 1183160384
1183167616 1183167872
1183171840 1183172096
1183173056 1183173312
1183173056 1183173312
1183178304 1183178560
1183179648 1183179904
1183186496 1183186752
1183189568 1183189824
1183189568 1183189824
1183189568 1183189824
1183189824 1183190080
1183191680 1183191936
1183201472 1183201728
1183204736 1183204992
1183206016 1183206272
1183207232 1183207488
1183220608 1183220864
1183226240 1183226496
1183228672 1183228928
1183229824 1183230080
1183236800 1183237056
1183244608 1183244864
1183247744 1183248000
1183248256 1183248512
1183251520 1183251776
1183251520 1183251776
1183254976 1183255232
1183255936 1183256192
1183259584 1183259840
1183264192 1183264448
1183267840 1183268096
1183268672 1183268928
1183278592 1183278848
1183290880 1183291136
1183291456 1183291712
1183292288 1183292544
1183292544 1183292800
1183334912 1183335168
1183344768 1183345024
1183351296 1183351552
1183354752 1183355008
1183356928 1183357184
1184033792 1184034048
1184034112 1184034368
1184035264 1184035520
1184035968 1184036224
1184038912 1184039168
1184040384 1184040640
1184042048 1184042304
1184044992 1184045248
1184047552 1184047808
1184050816 1184051072
1184051840 1184052096
1184057472 1184057728
1184103424 1184103680
1184154368 1184154624
1184164992 1184165248
1184168000 1184168256
1184177216 1184177472
1184184320 1184184576
1184184384 1184184640
1184192256 1184192512
1184210112 1184210368
1184482176 1184482432
1184495168 1184495424
1184497536 1184497792
1184504128 1184504384
1184506624 1184506880
1184506816 1184507072
1184506816 1184507072
1184507008 1184507264
1184518080 1184518336
1184520256 1184520512
1184520256 1184520512
1184520256 1184520512
1184540672 1184540928
1184541312 1184541568
1184544000 1184544256
1184547328 1184547584
1184548352 1184548608
1184550912 1184551168
1184589824 1184590080
1184597952 1184598208
1184598464 1184598720
1184617856 1184618112
1184617920 1184618176
1184620096 1184620352
1184620800 1184621056
1184620800 1184621056
1184620800 1184621056
1184621824 1184622080
1184625728 1184625984
1184651840 1184652096
1184674880 1184675136
1184675072 1184675328
1184675648 1184675904
1184680384 1184680640
1184691072 1184691328
1184696960 1184697216
1184741568 1184741824
1184744192 1184744448
1184750912 1184751168
1184784256 1184784512
1184795328 1184795584
1184808192 1184808448
1184808512 1184808768
1184852480 1184852736
1184857472 1184857728
1184858624 1184858880
1184860864 1184861120
1184862848 1184863104
1184873536 1184873792
1184886080 1184886336
1184886464 1184886720
1184887040 1184887296
1184897152 1184897408
1184897408 1184897664
1184902336 1184902592
1184904384 1184904640
1184918720 1184918976
1184936448 1184936704
1184937472 1184937728
1184938880 1184939136
1184938880 1184939136
1184940608 1184940864
1184944128 1184944384
1184945856 1184946112
1184946496 1184946752
1184950720 1184950976
1184950720 1184950976
1184950720 1184950976
1184950784 1184951040
1184950784 1184951040
1184950848 1184951104
1184950912 1184951168
1184950912 1184951168
1184961152 1184961408
1184961152 1184961408
1184972480 1184972736
1184972480 1184972736
1184983808 1184984064
1185084736 1185084992
1185092160 1185092416
1185145920 1185146176
1185148480 1185148736
1185149120 1185149376
1185149184 1185149440
1185152064 1185152320
1185185024 1185185280
1185185088 1185185344
1185189952 1185190208
1185196032 1185196288
1185200768 1185201024
1185205376 1185205632
1185210880 1185211136
1185247040 1185247296
1185247040 1185247296
1185247040 1185247296
1185249408 1185249664
1185253888 1185254144
1185254656 1185254912
1185256256 1185256512
1185256896 1185257152
1185260032 1185260288
1185260032 1185260288
1185263104 1185263360
1185264000 1185264256
1185265536 1185265792
1185269568 1185269824
1185269568 1185269824
1185269888 1185270144
1185271808 1185272064
1185273984 1185274240
1185274624 1185274880
1185275840 1185276096
1185276160 1185276416
1185277760 1185278016
1185277952 1185278208
1185278592 1185278848
1185278848 1185279104
1185281152 1185281408
1185282496 1185282752
1185283712 1185283968
1185283904 1185284160
1185284032 1185284288
1185286592 1185286848
1185286592 1185286848
1185289600 1185289856
1185289600 1185289856
1185289728 1185289984
1185292160 1185292416
1185293056 1185293312
1185297536 1185297792
1185348480 1185348736
1185349376 1185349632
1185349568 1185349824
1185350528 1185350784
1185356992 1185357248
1185362816 1185363072
1185366848 1185367104
1185367680 1185367936
1185382784 1185383040
1185382848 1185383104
1185385216 1185385472
1185389632 1185389888
1185390656 1185390912
1185391424 1185391680
1185432256 1185432512
1185449728 1185449984
1185452800 1185453056
1185460672 1185460928
1185464448 1185464704
1185474112 1185474368
1185507584 1185507840
1185511680 1185511936
1185511936 1185512192
1185520128 1185520384
1185525952 1185526208
1185531456 1185531712
1185540096 1185540352
1185544896 1185545152
1185564672 1185564928
1185591424 1185591680
1185591488 1185591744
1185591488 1185591744
1185594752 1185595008
1185595072 1185595328
1185666432 1185666688
1185670272 1185670528
1185681280 1185681536
1185682368 1185682624
1185690624 1185690880
1185706496 1185706752
1185706688 1185706944
1185717120 1185717376
1185754816 1185755072
1185755584 1185755840
1185767360 1185767616
1185768000 1185768256
1185769280 1185769536
1185770112 1185770368
1185770240 1185770496
1185780288 1185780544
1185782464 1185782720
1185790016 1185790272
1185798848 1185799104
1185809408 1185809664
1185810560 1185810816
1185835968 1185836224
1185847104 1185847360
1185859264 1185859520
1185859392 1185859648
1185869760 1185870016
1185889344 1185889600
1185934592 1185934848
1185940992 1185941248
1185942784 1185943040
1185946688 1185946944
1185946688 1185946944
1185957504 1185957760
1185958208 1185958464
1185972288 1185972544
1185975040 1185975296
1185976704 1185976960
1185986880 1185987136
1185986880 1185987136
1185986880 1185987136
1185988864 1185989120
1185991616 1185991872
1185992512 1185992768
1186007744 1186008000
1186009792 1186010048
1186021376 1186021632
1186028352 1186028608
1186029056 1186029312
1186029568 1186029824
1186049088 1186049344
1186049088 1186049344
1186062656 1186062912
1186072704 1186072960
1186093888 1186094144
1186104256 1186104512
1186105280 1186105536
1186105472 1186105728
1186105536 1186105792
1186112000 1186112256
1186112384 1186112640
1186113216 1186113472
1186125760 1186126016
1186127744 1186128000
1186130176 1186130432
1186149056 1186149312
1186154304 1186154560
1186158464 1186158720
1186160064 1186160320
1186162496 1186162752
1186162880 1186163136
1186164288 1186164544
1186164672 1186164928
1186170560 1186170816
1186173504 1186173760
1186215424 1186215680
1186228096 1186228352
1186233152 1186233408
1186297088 1186297344
1186298432 1186298688
1186299520 1186299776
1186300672 1186300928
1186302336 1186302592
1186307968 1186308224
1186315648 1186315904
1186316032 1186316288
1186318656 1186318912
1186319808 1186320064
1186326912 1186327168
1186353920 1186354176
1186356992 1186357248
1186363584 1186363840
1186365440 1186365696
1186369536 1186369792
1186370944 1186371200
1186379008 1186379264
1186383744 1186384000
1186385664 1186385920
1186391872 1186392128
1186391872 1186392128
1186399104 1186399360
1186413184 1186413440
1186415424 1186415680
1186448704 1186448960
1186448704 1186448960
1186448704 1186448960
1186449344 1186449600
1186455040 1186455296
1186461952 1186462208
1186462784 1186463040
1186467072 1186467328
1186467136 1186467392
1186484224 1186484480
1186489152 1186489408
1186496320 1186496576
1186498560 1186498816
1186527744 1186528000
1186539904 1186540160
1186543616 1186543872
1186546304 1186546560
1186557184 1186557440
1186557568 1186557824
1186569792 1186570048
1186577088 1186577344
1186587200 1186587456
1186592000 1186592256
1186592384 1186592640
1186592512 1186592768
1186598144 1186598400
1186648064 1186648320
1186653504 1186653760
1186656000 1186656256
1186656768 1186657024
1186658368 1186658624
1186662464 1186662720
1186662528 1186662784
1186664064 1186664320
1186684672 1186684928
1186687424 1186687680
1186687616 1186687872
1186706112 1186706368
1186706112 1186706368
1186706112 1186706368
1186706624 1186706880
1186706816 1186707072
1186712512 1186712768
1186719488 1186719744
1186726208 1186726464
1186741696 1186741952
1186749568 1186749824
1186753472 1186753728
1186754624 1186754880
1186767360 1186767616
1186775104 1186775360
1186804672 1186804928
1186809536 1186809792
1186810624 1186810880
1186813952 1186814208
1186814336 1186814592
1186823104 1186823360
1186833664 1186833920
1186835456 1186835712
1186880384 1186880640
1186882112 1186882368
1186883456 1186883712
1186887232 1186887488
1186887296 1186887552
1186887296 1186887552
1186891008 1186891264
1186918272 1186918528
1186919744 1186920000
1186919808 1186920064
1186929664 1186929920
1186935040 1186935296
1186938176 1186938432
1186960384 1186960640
1186962880 1186963136
1186966976 1186967232
1186973184 1186973440
1186984576 1186984832
1186990336 1186990592
1186998464 1186998720
1187004096 1187004352
1187008704 1187008960
1187014912 1187015168
1187014976 1187015232
1187024256 1187024512
1187037568 1187037824
1187045888 1187046144
1187048064 1187048320
1187051200 1187051456
1187051840 1187052096
1187055360 1187055616
1187084224 1187084480
1187088832 1187089088
1187092160 1187092416
1187098240 1187098496
1187098240 1187098496
1187120128 1187120384
1187135232 1187135488
1187150208 1187150464
1187157632 1187157888
1187163200 1187163456
1187163200 1187163456
1187166208 1187166464
1187182848 1187183104
1187185216 1187185472
1187196160 1187196416
1187200448 1187200704
1187212032 1187212288
1187212160 1187212416
1187212736 1187212992
1187213120 1187213376
1187214912 1187215168
1187218752 1187219008
1187220096 1187220352
1187220096 1187220352
1187222464 1187222720
1187230592 1187230848
1187242752 1187243008
1187249536 1187249792
1187250944 1187251200
1187251520 1187251776
1187259648 1187259904
1187266432 1187266688
1187268928 1187269184
1187271744 1187272000
1187293184 1187293440
1187307520 1187307776
1187313472 1187313728
1187324352 1187324608
1187324480 1187324736
1187329024 1187329280
1187331200 1187331456
1187331904 1187332160
1187333632 1187333888
1187336064 1187336320
1187338816 1187339072
1187341056 1187341312
1187341056 1187341312
1187341120 1187341376
1187365952 1187366208
1187369600 1187369856
1187377344 1187377600
1187379968 1187380224
1187382720 1187382976
1187384384 1187384640
1187385344 1187385600
1187389248 1187389504
1187389952 1187390208
1187389952 1187390208
1187394560 1187394816
1187399808 1187400064
1187399872 1187400128
1187399936 1187400192
1187409216 1187409472
1187411968 1187412224
1187411968 1187412224
1187411968 1187412224
1187423424 1187423680
1187425472 1187425728
1187426240 1187426496
1187430592 1187430848
1187431040 1187431296
1187432576 1187432832
1187432576 1187432832
1187435200 1187435456
1187436480 1187436736
1187438784 1187439040
1187484928 1187485184
1187494016 1187494272
1187501248 1187501504
1187524800 1187525056
1187527488 1187527744
1187527744 1187528000
1187529088 1187529344
1187534528 1187534784
1187538880 1187539136
1187541504 1187541760
1187541568 1187541824
1187548736 1187548992
1187554176 1187554432
1187554560 1187554816
1187560576 1187560832
1187561728 1187561984
1187562112 1187562368
1187568320 1187568576
1187571136 1187571392
1187576064 1187576320
1187578560 1187578816
1187578624 1187578880
1187581632 1187581888
1187591296 1187591552
1187592384 1187592640
1187595520 1187595776
1187596800 1187597056
1187597248 1187597504
1187598400 1187598656
1187598720 1187598976
1187599744 1187600000
1187609984 1187610240
1187613120 1187613376
1187618880 1187619136
1187621952 1187622208
1187639232 1187639488
1187639744 1187640000
1187640512 1187640768
1187640704 1187640960
1187644096 1187644352
1187644544 1187644800
1187649216 1187649472
1187649536 1187649792
1187654336 1187654592
1187682368 1187682624
1187683328 1187683584
1187686144 1187686400
1187699264 1187699520
1187700480 1187700736
1187701888 1187702144
1187708992 1187709248
1187721472 1187721728
1187721984 1187722240
1187724224 1187724480
1187725248 1187725504
